D:\software\anaconda\envs\chen2.7\python.exe D:/project/cps-slp-wc/multi-branch-road.py
网络规模： 1000 500.0
构建RW骨干网络...
[1001, 764, 382, 895, 981, 115]
RW骨干构建完成
构建MHR骨干网络...
构建bron0分支...
[115, 486, 264, 241, 861, 571]
bron0分支构建完成
构建broni分支...
[4, 767, 125, 868, 490, 888, 635, 364]
broni分支构建完成
构建broni分支...
[520, 618, 502, 244, 497, 229, 866, 371]
broni分支构建完成
构建broni分支...
[513, 124, 765, 249, 487, 500, 372, 639]
broni分支构建完成
构建broni分支...
[30, 998, 227, 990, 347, 572, 369, 60]
broni分支构建完成
构建broni分支...
[518, 312, 857, 236, 119, 368, 494, 862]
broni分支构建完成
构建broni分支...
[448, 106, 250, 933, 636, 901, 999, 103]
broni分支构建完成
构建broni分支...
[144, 734, 223, 493, 83, 557, 85, 242]
broni分支构建完成
构建broni分支...
[416, 871, 756, 763, 375, 111, 122, 624]
broni分支构建完成
构建broni分支...
[9, 378, 637, 638, 889, 248, 874, 207]
broni分支构建完成
构建broni分支...
[930, 381, 949, 127, 287, 816, 761]
broni分支构建完成
构建broni分支...
[899, 634, 319, 233, 237, 865, 504]
broni分支构建完成
构建broni分支...
[519, 246, 118, 915, 239, 488, 893]
broni分支构建完成
构建broni分支...
[389, 627, 370, 245, 728, 84, 737]
broni分支构建完成
构建broni分支...
[151, 120, 759, 377, 751, 620, 362]
broni分支构建完成
构建broni分支...
[392, 62, 703, 251, 831, 376]
broni分支构建完成
构建broni分支...
[272, 827, 828, 281, 826, 696]
broni分支构建完成
[115, 521, 4, 520, 407, 513, 30, 518, 777, 18, 129, 448, 393, 144, 416, 770, 811, 9, 181, 930, 769, 655, 899, 140, 0, 519, 389, 151, 644, 259, 773, 392, 323, 703, 272, 275, 1000]
MHR骨干网络构建完成
10 20 30 40 50 60 70 80 90 100
110 120 130 140 150 160 170 180
BE CAPTURE
被捕获

The safety is 181
The every listDelay is [1036729500.0322138, 1036729500.0322138, 1036729500.0322138, 1036729500.0322138, 1036729500.0322138, 1036729500.0322138, 1036729500.0322138, 1036729500.0322138, 1036729500.0322138, 1036729500.0322138, 1036729500.0322138, 1036729500.0322138, 1036729500.0322138, 1036729500.0322138, 1036729500.0322138, 1036729500.0322138, 1036729500.0322138, 1036729500.0322138, 1036729500.0322138, 1036729500.0322138, 1036729500.0322138, 1036729500.0322138, 1036729500.0322138, 1036729500.0322138, 1036729500.0322138, 1036729500.0322138, 1036729500.0322138, 1036729500.0322138, 1036729500.0322138, 1036729500.0322138, 1036729500.0322138, 1036729500.0322138, 1036729500.0322138, 1036729500.0322138, 1036729500.0322138, 1036729500.0322138, 1036729500.0322138, 1036729500.0322138, 1036729500.0322138, 1036729500.0322138, 1036729500.0322138, 1036729500.0322138, 1036729500.0322138, 1036729500.0322138, 1036729500.0322138, 1036729500.0322138, 1036729500.0322138, 1036729500.0322138, 1036729500.0322138, 1036729500.0322138, 1036729500.0322138, 1036729500.0322138, 1036729500.0322138, 1036729500.0322138, 1036729500.0322138, 1036729500.0322138, 1036729500.0322138, 1036729500.0322138, 1036729500.0322138, 1036729500.0322138, 1036729500.0322138, 1036729500.0322138, 1036729500.0322138, 1036729500.0322138, 1036729500.0322138, 1036729500.0322138, 1036729500.0322138, 1036729500.0322138, 1036729500.0322138, 1036729500.0322138, 1036729500.0322138, 1036729500.0322138, 1036729500.0322138, 1036729500.0322138, 1036729500.0322138, 1036729500.0322138, 1036729500.0322138, 1036729500.0322138, 1036729500.0322138, 1036729500.0322138, 1036729500.0322138, 1036729500.0322138, 1036729500.0322138, 1036729500.0322138, 1036729500.0322138, 1036729500.0322138, 1036729500.0322138, 1036729500.0322138, 1036729500.0322138, 1036729500.0322138, 1036729500.0322138, 1036729500.0322138, 1036729500.0322138, 1036729500.0322138, 1036729500.0322138, 1036729500.0322138, 1036729500.0322138, 1036729500.0322138, 1036729500.0322138, 1036729500.0322138, 1036729500.0322138, 1036729500.0322138, 1036729500.0322138, 1036729500.0322138, 1036729500.0322138, 1036729500.0322138, 1036729500.0322138, 1036729500.0322138, 1036729500.0322138, 1036729500.0322138, 1036729500.0322138, 1036729500.0322138, 1036729500.0322138, 1036729500.0322138, 1036729500.0322138, 1036729500.0322138, 1036729500.0322138, 1036729500.0322138, 1036729500.0322138, 1036729500.0322138, 1036729500.0322138, 1036729500.0322138, 1036729500.0322138, 1036729500.0322138, 1036729500.0322138, 1036729500.0322138, 1036729500.0322138, 1036729500.0322138, 1036729500.0322138, 1036729500.0322138, 1036729500.0322138, 1036729500.0322138, 1036729500.0322138, 1036729500.0322138, 1036729500.0322138, 1036729500.0322138, 1036729500.0322138, 1036729500.0322138, 1036729500.0322138, 1036729500.0322138, 1036729500.0322138, 1036729500.0322138, 1036729500.0322138, 1036729500.0322138, 1036729500.0322138, 1036729500.0322138, 1036729500.0322138, 1036729500.0322138, 1036729500.0322138, 1036729500.0322138, 1036729500.0322138, 1036729500.0322138, 1036729500.0322138, 1036729500.0322138, 1036729500.0322138, 1036729500.0322138, 1036729500.0322138, 1036729500.0322138, 1036729500.0322138, 1036729500.0322138, 1036729500.0322138, 1036729500.0322138, 1036729500.0322138, 1036729500.0322138, 1036729500.0322138, 1036729500.0322138, 1036729500.0322138, 1036729500.0322138, 1036729500.0322138, 1036729500.0322138, 1036729500.0322138, 1036729500.0322138, 1036729500.0322138, 1036729500.0322138, 1036729500.0322138, 1036729500.0322138, 1036729500.0322138, 1036729500.0322138, 1036729500.0322138, 1036729500.0322138, 1036729500.0322138]
The SumDelay is 187648039506.0
The MeanDelay is 1036729500.03

The maxrestEnergy is 488700000.0
The neanrestEnergy is 30317500.0
The minrestEnergy is 0.0
The stdrestEnergy is 78965334.0634
The trace is [1000, 275, 272, 827, 828, 827, 272, 827, 272, 703, 251, 703, 251, 831, 376, 831, 376, 831, 376, 831, 376, 831, 251, 831, 251, 831, 376, 831, 251, 831, 376, 831, 251, 831, 251, 703, 62, 703, 62, 703, 62, 703, 62, 392, 773, 259, 644, 151, 389, 519, 246, 118, 246, 519, 246, 118, 915, 239, 915, 118, 915, 118, 246, 118, 246, 519, 246, 519, 0, 140, 899, 655, 769, 930, 381, 930, 181, 9, 811, 770, 416, 144, 734, 223, 734, 144, 734, 223, 734, 223, 734, 144, 393, 448, 106, 448, 129, 18, 777, 518, 312, 857, 236, 119, 236, 857, 312, 857, 236, 857, 236, 857, 312, 857, 312, 518, 30, 513, 407, 520, 618, 502, 244, 497, 244, 497, 244, 497, 229, 497, 229, 497, 229, 866, 229, 866, 229, 866, 371, 866, 229, 866, 371, 866, 229, 866, 229, 866, 371, 866, 229, 866, 229, 497, 229, 866, 371, 866, 229, 866, 371, 866, 229, 497, 244, 497, 244, 502, 618, 520, 4, 767, 4, 767, 4, 521, 115, 981, 895, 382, 764, 1001]

进程已结束,退出代码0
