D:\software\anaconda\envs\chen2.7\python.exe D:/project/cps-slp-wc/FakeSourceScheduling.py
网络规模： 1000 500.0
构建骨干网络...
骨干网络： [1001, 534, 600, 469, 100, 699, 255, 854, 203, 345, 234, 366, 190, 96, 210, 38, 460, 3, 694, 146, 289, 148, 124, 168, 872, 294, 971, 450, 678, 1000]
10 20 30 40 50 60 70 80 90 100
110 120 130 140 150 160 170 180 190 200
210 220 230 240 250 260 270 280 290 300
310 320 330 340 350 360 370 380 390 400
410 420 430 440 450 460 470 480 490 500
510 520 530 540 550 560 570 580 590 600
610 620 630 640 650 660 670 680 690 700
710 720 730 740 750 760 770 780 790 800
810 820 830 840 850 860 870 880 890 900
910 920 930 940 950 960 970 980 990 1000
1010 1020 1030 1040 1050 1060 1070 1080 1090 1100
1110 1120 1130 1140 1150 1160 1170 1180 1190 1200
1210 1220 1230 1240 1250
The safety is 1256
The every listDelay is [30188583.861322585, 26444371.232735623, 31600987.57298943, 30104864.542541821, 26149996.701752771, 17873601.295079336, 37766574.862967134, 18814520.922579464, 18743321.266425587, 35955943.679251671, 28797010.616600826, 21500064.120367002, 16841444.178247865, 20252360.748552695, 49836207.758122653, 12892817.993922222, 11601323.481490087, 13714561.605715945, 16570530.935540877, 12366287.599512834, 16961487.358686857, 17960918.567011036, 19028103.439393274, 23043470.661814425, 24260957.422017734, 54699682.269244909, 31051211.318170331, 16888650.652667306, 14293901.918348216, 27510168.701763328, 32008716.658304345, 57190091.992744386, 13065645.416246569, 30046723.291877661, 19561054.452640075, 57321120.6496244, 17836504.261197574, 14215701.982132381, 64954754.062663846, 14376033.424128186, 14356284.31640986, 25762180.126044385, 26909810.360263061, 47529080.76420074, 23031001.696741059, 12324434.723965105, 44433623.35637214, 16809013.753832582, 29522906.841506939, 15795991.69583928, 43011506.91986382, 42121772.975432754, 25660764.028992344, 16425550.234667739, 31090630.233687304, 29352341.570358053, 26455067.217148013, 38293100.007643931, 191298322.86697274, 63541984.03921847, 35291324.581933379, 18187465.786376286, 25841031.118091922, 14504688.822794132, 17707799.769612242, 42839234.581571184, 53025087.758628808, 36282817.393663898, 19777677.980339307, 31724344.789906681, 20486201.747343116, 17067505.831211589, 16653755.890183683, 22496581.12916201, 33030059.834639341, 17896452.03354745, 46356803.498846851, 27341712.707184982, 18230881.283933308, 39128143.725380406, 78731166.757209778, 15404055.401706221, 17784995.689721968, 22661728.310047179, 42967937.010773689, 17158686.015627399, 26885849.663875759, 13518186.950027831, 50174058.222080566, 21981687.130702272, 29340741.871475939, 14648885.117288135, 24424923.45185487, 12840730.747491403, 14913938.237781852, 12599137.755820896, 25089954.649894383, 12728016.684283156, 26823812.560774632, 25583650.781380653, 25698342.432762291, 40287978.880557552, 52837335.620877646, 33682539.686705664, 14843830.486210506, 13932649.002913848, 17473041.033152282, 16181409.394416679, 45177957.835688785, 20382813.10324081, 35980524.953096561, 52353126.839844383, 22508799.886033613, 31613305.763223331, 45727775.807017721, 33418510.951189749, 72378202.590724483, 43823166.95426856, 30663974.773736853, 21718569.969005685, 18016973.052286264, 27931004.810551234, 14919729.967796125, 18279091.198441241, 58591714.661714792, 51336375.754494764, 28116805.588972978, 16828543.666796751, 32583023.390859023, 43398645.039653167, 18616763.133009937, 22890436.466361031, 12537853.49545517, 24777142.927648429, 30713458.055022139, 18353484.76090936, 75322575.296356067, 14027229.57522209, 23313844.300726123, 18031415.045671426, 17130691.628547855, 21485793.589078572, 19268286.378324758, 24099415.478229143, 29365980.513914488, 16108505.649371082, 57802263.385193564, 51983466.55865103, 20815896.053516954, 49929640.915633261, 25414356.037812404, 39022571.923446812, 34434653.39358332, 89865121.559930265, 28130431.535353582, 27569354.006233748, 17963031.031775057, 15137807.831588268, 12972427.616451558, 56814728.583483085, 26987245.671752721, 33222348.17490584, 34589805.038750716, 28715739.896512985, 47364123.979925491, 24698407.341077834, 40825068.027259894, 18951546.671567835, 17599980.869717814, 40951189.606710806, 12947230.269710261, 36540180.542297311, 34405660.659839973, 31498919.227182191, 90142452.230312735, 23890981.169050884, 55455114.578234233, 35735470.535295762, 11839614.781039007, 38847342.370689169, 30141330.322564352, 11600526.663095713, 23580758.918451756, 37788773.496078119, 15854468.008082403, 18035903.315792482, 17010673.633612704, 27036848.990568683, 16896662.974850029, 79629882.678260952, 57163676.055525213, 12277265.924202003, 19129087.868577, 45439732.628170729, 26627853.8286715, 21887495.441746637, 38411375.952117287, 44423508.554537348, 38296205.797411174, 31965057.535003275, 22252950.850979909, 28482559.480344594, 19435929.891267523, 31153734.852634445, 29795045.395210683, 29486188.57115072, 15199982.021175163, 16411453.122588987, 62513411.878205039, 21598062.867929995, 19448100.181455433, 19482213.805545174, 32826935.392769299, 30394979.91620608, 47905893.677521713, 26110436.665263802, 37776166.203175992, 21616634.431323905, 51897821.88831839, 19884712.720647879, 61200359.886680111, 46952810.74490913, 11600526.663095713, 46445320.507117599, 13822395.642856717, 14796691.432583308, 57439494.04911948, 26632429.50207784, 24471146.683807313, 20173334.895666011, 85438554.209399998, 19604471.883858472, 14569018.38450144, 14797461.577560754, 12212559.841565259, 15525170.170980426, 69440001.183288634, 32365836.611524604, 15645889.035972739, 15539239.094399054, 30368381.310119551, 33787273.447335288, 27474889.652583063, 36611890.861711346, 14115005.951274749, 28402543.854335744, 29513059.861936521, 55679522.425527439, 17714680.457146227, 89601856.322591498, 90603013.649045363, 22266911.081252608, 23586620.891254894, 31403873.011317059, 31852356.845247388, 15476420.301758185, 31199656.66246625, 11600526.663095713, 35192247.70371455, 16786527.749050625, 17967684.198990308, 89815317.189684361, 15442781.569308316, 29891613.769611351, 17161834.85857784, 26578380.230870072, 23758023.799340226, 15075478.813653829, 30733828.052099392, 79427193.179715574, 13764104.162118314, 16220897.499400441, 67108403.375490524, 38770468.25760527, 32178350.460745025, 28537001.709484454, 15551058.553564344, 15446383.468579113, 52804507.426002838, 32910551.438673314, 29672416.402304038, 97973859.767219111, 34600773.135167003, 11769355.21255458, 25986402.145595625, 28262069.362856209, 14023070.542496113, 14248374.785578746, 31232273.416829735, 20705614.810563292, 33820079.866774917, 13301345.171933927, 21014648.279418319, 43944759.27426517, 37462730.848022006, 21467360.0434421, 33907170.064695679, 26512241.666584753, 86083995.165459692, 20552152.965112571, 22524054.616858974, 22187815.447491199, 24633892.984084267, 32253187.623785045, 28035453.227205664, 13304140.678985458, 27741315.397814091, 78137666.982511759, 14730889.541357636, 34811892.123355553, 18629827.520156879, 49207681.084321521, 21663725.4246157, 19887499.725089483, 24831456.239582356, 138710918.22587389, 17388842.477453213, 22275858.510122519, 17183161.047864839, 17736401.58016856, 21601252.511077948, 19877022.764666934, 31729721.995687783, 18146340.92391568, 36693496.667485252, 37319924.377812773, 15464307.253461277, 21042159.448754899, 29896268.321486693, 13049892.06817448, 18607017.089719106, 62864924.350228317, 72484589.903309613, 31659904.176313464, 20324417.951606903, 51959072.074945211, 17035303.494203564, 184528009.4423508, 47315001.536629781, 17424717.720831644, 44302793.292137221, 12637060.921179883, 23774902.742226087, 19869986.599459846, 12728016.684283156, 15756868.919262998, 14050973.739615096, 22117048.224013895, 19143848.993997887, 36136686.038641512, 34681357.147682995, 25952109.351179499, 33103734.378732778, 17320418.24630402, 12884341.224909388, 45372369.71652931, 16190096.808178885, 55879850.305689104, 23494082.534053478, 26294774.49872848, 65805364.303593539, 23248241.332124121, 30438276.605158623, 53473197.07607387, 38401291.02198343, 12879031.145651191, 17996958.591168381, 38298098.350780278, 27340072.613223396, 39603486.658966258, 40122491.307226583, 25164658.609217852, 65576898.693260491, 16366906.710613294, 34666278.048667029, 36924152.633888662, 27107966.180188898, 16304847.865421617, 54168294.344242223, 19252444.008190103, 20920532.773944855, 22108978.581956182, 40522451.846540175, 45318732.664637521, 41732884.962235175, 14301077.428602545, 12986727.156942623, 25745499.293735307, 23522132.732998885, 14301077.428602545, 16081435.056091195, 29306488.310284991, 12366287.599512834, 21641064.813370027, 22198828.433683563, 21210178.424145158, 23031001.696741059, 47873194.07130155, 25669062.943138696, 49446976.083519101, 17644333.083423242, 14287105.29732638, 22923321.162022121, 22386425.175609067, 85311339.751327336, 46335512.384180546, 19723414.394201241, 57661872.541928798, 17242228.008302949, 47039606.176603086, 16879099.43083965, 14008401.18849482, 14545333.068576312, 13977644.58355559, 39086747.953127734, 34154425.030136496, 20020221.368498668, 16386060.901474008, 27441805.791968651, 19037119.196916938, 33951967.972360991, 35305035.601205103, 27395412.138958376, 20950600.79499729, 48056773.859033488, 17956399.829703983, 35866532.501835428, 29205198.959243227, 22237294.427177083, 24036817.300365392, 21040511.370377481, 72802087.529642954, 20281447.492925532, 16939656.011388384, 40032479.507916428, 16695939.900274238, 52333423.198756389, 22044989.39363075, 33572893.964625888, 27824068.777101927, 13869097.329802781, 28573386.116261784, 20239416.868195724, 12320800.554913485, 29763989.981434852, 11600526.663095713, 17193184.769608442, 37138520.046797335, 30561189.512418177, 35451031.005763277, 22077878.416043054, 24312902.895329565, 25229902.998047672, 20782868.757852636, 18436450.395299707, 32733307.613336749, 18233936.552473426, 18067767.807989933, 12728016.684283156, 14091090.179773653, 22540727.76189423, 19225696.728747398, 20366729.544573255, 26110287.828583878, 26027067.245631356, 26287286.088122461, 64730222.513508104, 27352557.724005941, 25487261.120200656, 12097707.630448297, 31280765.969064988, 13509853.141424632, 176405060.57006904, 11600526.663095713, 38937041.090011753, 18022005.133178972, 23703559.157796256, 28755659.641405806, 14315204.84541817, 32965614.646186747, 71302314.539150685, 56594939.714403465, 30907375.597812146, 23231509.521753334, 23675756.382813554, 26651513.51155103, 13987560.521308169, 29529724.350261554, 13405801.631941872, 28803935.50006428, 12337607.663520252, 14511745.487422246, 12081765.755669549, 18373761.884903803, 15960246.403648056, 49697415.017306648, 16465970.832810553, 12357680.528521718, 20904980.820602357, 15468266.595874289, 11600526.663095713, 66790262.431507356, 24362268.249566756, 15376079.752962939, 41882433.346468061, 50822461.230902448, 62250871.066277377, 23604189.617812157, 41124909.955590017, 21756591.934705351, 37182751.488498151, 38965821.259204909, 17614517.503308367, 13479934.689873252, 24186121.828917921, 16208617.180474969, 24994537.686823517, 16434021.953593168, 86146895.326158881, 21202455.392159052, 32490470.561544199, 12496912.833630547, 18547216.194890797, 24612110.117506918, 15049297.892063161, 17457847.977777775, 19651921.12053331, 20018877.453840252, 21338055.812015153, 21613615.904944737, 48717067.110174991, 29430588.712758996, 17126813.032092892, 26947265.075943835, 23879366.126114104, 20283674.281226486, 31238220.166862607, 27169193.075314205, 12307460.244711306, 39240079.963758707, 23280624.213224646, 14051660.927052759, 17215614.117321268, 44421520.716954693, 34115239.50262405, 76602900.014705688, 51124035.591272838, 31515907.546132002, 79153212.474032074, 28826208.568271615, 17614430.821202166, 18316176.80266463, 42245169.187010676, 22555514.279261034, 15397767.756064704, 15049510.120503983, 21536309.109526373, 19548246.136078984, 25071958.103636794, 62561419.463002801, 47969161.813713238, 14723784.737153409, 39303868.807890803, 64791808.220419146, 19854856.376050025, 16067740.237630704, 15063546.779199727, 18491929.271337561, 12116808.308949273, 11600526.663095713, 32477329.211300969, 34289262.65897879, 26919889.892057776, 21277002.558053833, 55879425.781227984, 15346485.781448428, 62945694.996467426, 21089220.785709213, 13313766.696154604, 25997921.783296686, 18404071.838123072, 32905285.341003422, 16781635.36921059, 22940137.6226996, 28343336.361491542, 28436354.06235908, 42505616.977005109, 26631539.361292951, 25663860.172450654, 56571757.300319724, 60482403.703523092, 40877211.598413497, 22963685.784130197, 41717132.388851017, 28831620.681586385, 32529387.540520612, 39865350.611808792, 40402448.075135544, 29265307.973616846, 46203094.550487496, 22759946.78621766, 18953413.547434315, 13217244.581104148, 54497241.188967504, 74851157.704597503, 174097594.78825206, 49789876.198520601, 12743223.49076049, 38896842.119012557, 30137573.504951376, 19971748.347313765, 35475468.416402034, 18726679.469468914, 15599950.030314639, 19938888.959980085, 27067061.754450537, 15793904.404852675, 40046834.386214897, 11600526.663095713, 11644218.636406668, 46635274.186387397, 17312668.690806609, 25580039.302062031, 30033185.294425618, 14352571.717318667, 27015425.146795668, 46308891.125431448, 13316037.459234497, 26925549.772832666, 24972298.933162846, 83442785.514886931, 19506625.993297413, 13828382.178029003, 16886297.79263822, 60524312.533838592, 12391416.366000857, 60090366.863272145, 14690158.712395769, 28846887.012218945, 77934700.827194631, 27760841.4893976, 11600526.663095713, 37957885.934925139, 16870754.097049139, 35207812.59271615, 17234383.785916101, 21777433.080310881, 19250121.375559837, 23869252.44871426, 27684424.131562289, 28771383.138307974, 29393728.889310066, 90091677.229205474, 17628925.142371416, 13956117.483876234, 18419440.003296979, 52292986.801624976, 42839961.09727376, 73926448.909560665, 43913788.451784149, 23248391.857151743, 79570068.267286688, 21108411.383751582, 22260025.440003522, 15486775.032138817, 14896578.287568802, 24618415.204471178, 21468748.627439272, 17527743.050361618, 24741111.210801072, 18178923.558095295, 52077964.348339595, 43466258.283605859, 19587937.668050654, 37625400.271474876, 41207218.417021103, 17190071.370288655, 15771660.634204248, 15486775.032138817, 26060553.82271139, 17614517.503308367, 19760161.830431607, 33066952.206452027, 81154961.777935117, 13205268.830563147, 51884141.679072827, 28327492.031141099, 55809091.564536892, 19980103.935894042, 24869632.380077511, 68446909.351835385, 30042606.902925923, 11600585.038280744, 20218913.214841772, 13259174.552907895, 25761203.432932593, 35736624.456997566, 21294612.72909154, 20400046.333755419, 20380176.091925766, 30304130.225178849, 33632300.927589402, 62032608.367238559, 12153563.073071897, 13981102.4278333, 30088451.343909334, 14438492.485301124, 21660569.535853315, 28038153.70189783, 24454927.210481361, 11600526.663095713, 28259064.32166443, 17178215.099586815, 28039965.009325568, 27880566.707964677, 50398376.541737743, 17874318.346201345, 19125175.190888304, 13749944.950641282, 52292986.801624976, 15095996.401146255, 21593259.758052181, 11600526.663095713, 13893702.105592074, 29388025.612356998, 98292834.791154414, 42729002.572449334, 17151215.562604524, 52892481.216026545, 33104657.780059185, 18564044.853964791, 43136452.776784256, 43683273.638718031, 18848526.26647947, 40540673.961669087, 23794879.375006068, 30010542.376656797, 23148841.298537578, 21710569.681897391, 17910861.742986843, 11600526.663095713, 20720443.098380525, 35960390.965759903, 28046016.734720584, 101970838.27312279, 74709601.684459656, 33289675.230911966, 16266995.772579823, 11600526.663095713, 31633433.562219791, 12686347.306546409, 33836977.89943175, 18562899.126930565, 13981253.365673453, 58815640.142146342, 33767019.201888308, 30765819.409793861, 17698259.647166111, 12356883.710127344, 54930073.069018841, 20803940.889582954, 22145250.245824553, 27542204.732480414, 30405029.503741328, 33595159.7550532, 19851109.562029183, 23624788.181506515, 15625699.791308997, 25412717.67523551, 22851363.820816699, 18078849.473472659, 27139841.15756489, 20128358.040711202, 37827294.180933893, 18886848.823310319, 32819981.536830887, 85855828.233898222, 25889524.333762284, 12512536.060499914, 21621518.810813915, 29542773.372760434, 20753022.01314459, 37814270.096165799, 217423107.12676156, 28350070.477710344, 27203957.129285976, 23368058.48485497, 50819916.518845573, 98368483.890313447, 14658500.837734619, 36438257.986101165, 23166369.439464688, 31362460.89913547, 20876878.251429737, 52147287.77131965, 25113536.821213819, 11600526.663095713, 47020983.757889785, 18973724.529796943, 29716884.954435389, 27145062.256456606, 66654173.871359833, 24525538.260287985, 44118801.381568171, 17896145.202080507, 45992388.029655561, 16112922.801413897, 29062883.278882746, 36617395.975284018, 22242372.227279801, 30764758.720035657, 20327397.324852098, 53014046.31379313, 21045680.271314081, 45895466.013464563, 84330235.747651249, 63423801.224704392, 46417032.698687196, 32013303.944258653, 12188985.550926261, 63151623.424136885, 39248877.296232343, 13746748.023787716, 17024634.428849231, 24319595.232043147, 19641731.365426112, 19621719.614903677, 21794372.038280834, 13861660.685352221, 50114495.739979587, 54665088.872943878, 18514308.416523173, 22573840.361651227, 42426127.324092314, 19679262.722967882, 24826218.240083605, 12938745.806446441, 31469269.697833475, 21754251.883542631, 34649299.195444465, 14988994.3766461, 49027855.508403338, 170486229.74889067, 31837911.319642901, 11600526.663095713, 32888337.369840909, 32410544.171654746, 16290844.950373996, 16563133.482490936, 27544113.065369815, 61996865.381770901, 26853925.10913739, 31329370.638522647, 34217549.250582337, 18697392.954786435, 24383670.496684872, 11600526.663095713, 31446393.815016586, 18378389.956238627, 36833010.511713207, 41897284.133444607, 22154652.277680065, 38885303.602603607, 14767816.387332572, 28270794.33543979, 30557183.281580381, 77283482.003551677, 17550436.860310018, 55295802.671030127, 15874743.340199281, 13555724.504364934, 28126449.317301907, 32335932.824174382, 11827265.941834267, 183837189.87790501, 30021607.52671238, 20710006.271422263, 28145698.15584942, 15958405.920326289, 61159131.498236775, 14857428.610773828, 15581547.957754273, 34239356.919311404, 79635074.65331021, 21975707.990116525, 14136789.850471772, 27263696.842423055, 17365037.627072055, 44040770.672856934, 43568962.974951118, 12395388.789992854, 20804634.260001812, 34233071.785063818, 46342287.245637238, 26271781.657697972, 22374062.546207082, 45959097.01340431, 75401936.092020988, 14349596.90411598, 40429579.452419274, 20774583.926004045, 21274931.262860358, 36273378.538797244, 35092995.696019612, 60975826.088391297, 27155873.651191693, 15131795.571403923, 42330565.085229799, 32505275.557996169, 16097580.839859305, 19803790.965503678, 14674898.200262822, 17434922.046498887, 20004511.947560348, 34032737.279997922, 21491258.607878387, 26365507.491639242, 33607554.03674227, 15920490.065310007, 35426324.017379083, 48125934.388945684, 15492557.214157611, 24408114.131223649, 55367187.963608153, 71869686.796809137, 49980857.133105569, 17264963.169114128, 11600526.663095713, 12399458.949602816, 45315097.846670829, 62053031.063578233, 17386052.661153723, 16954538.730976418, 25395503.941921718, 18876849.945511531, 22523605.364568058, 48167289.986903422, 32556228.337789174, 17369559.869756125, 24947874.250292759, 19288271.203352563, 44292871.035820507, 34598299.27304107, 26887230.345138237, 40642464.946694702, 65105067.862622924, 12238088.359293029, 18433157.243031662, 24099172.678754132, 47914037.986253627, 33887718.015455447, 19285759.227647554, 21942811.644539502, 20738183.175098639, 70223942.609254479, 29515192.581444368, 18885371.563682415, 11732711.200013898, 15644516.687819825, 21815800.36743971, 49523919.141836926, 18062310.562930085, 32073228.978029843, 42242376.053823397, 32806020.885163974, 18248213.073052626, 49101236.898457624, 83738470.375138775, 53195160.000817582, 16543476.474596055, 36915823.411018506, 58902520.164813317, 12933810.25230005, 26872560.911410656, 22479949.032105405, 60309822.302824862, 26765779.754992075, 32317643.386672255, 21220143.418945909, 90039944.734017968, 30963520.240662962, 58787996.191456392, 44680545.32138367, 32680277.326235369, 60555077.163145408, 19971428.805197243, 13555724.504364934, 18017628.427242197, 24712462.41141694, 15941197.540216837, 222422380.96596617, 36750498.33897531, 20864306.915500037, 22401108.310873888, 73954699.194585487, 13150512.784638837, 40951466.605058484, 47406515.509304293, 46810677.02200003, 35999071.625028327, 23404634.55315173, 27637382.829825103, 32937577.411868781, 19009062.602521524, 36669899.87908382, 16421627.830056746, 31376648.54456887, 69438475.847134367, 27786573.133707903, 20309271.047357336, 17379763.295238733, 24768649.668869026, 22485790.403229024, 27091522.474095862, 16017437.557570986, 25718210.698349088, 17560833.143625993, 13968053.281650018, 22390779.384668831, 202184406.97427416, 16053953.493734455, 22557434.77573793, 87268666.930826187, 167603944.87006855, 31064943.568932977, 19356926.127240818, 11600526.663095713, 11600535.599291982, 51017795.567214586, 68013282.204127416, 19279224.612909943, 32000773.4197568, 87174650.852169454, 20216333.403677288, 23410316.750767928, 35952317.085745461, 39725796.505053468, 28035029.82840303, 32107127.25759441, 42948159.961497217, 31422289.467461325, 22693616.848523062, 23421610.567962684, 12384359.701372746, 47661418.822896689, 55727115.585759595, 19442332.176471718, 40690336.475581981, 22393070.659073029, 32512978.025237881, 26547306.135882985, 28524079.570064005, 54640363.066480532, 14535220.397980547, 27809282.054313682, 66964990.393715173, 22602811.345695347, 23192230.417514913, 16544807.145654561, 42457550.720723905, 17580872.996967394, 65262619.707864895, 52842920.79311873, 71233250.902243361, 18008448.1636381, 12497332.728249706, 22013980.587042823, 65844832.345678784, 30438088.397482492, 17444930.965382259, 12710116.977206185, 18121515.14563645, 52417587.241413124, 14321234.516878288, 40211583.764100522, 30248366.801139321, 18491987.646522593, 19832304.251938969, 24755888.960007064, 22760131.791094199, 47143499.085382819, 15614131.005566891, 16705506.517595986, 12939768.32384171, 54842116.739244767, 21922116.337872822, 67217303.156671569, 17387114.693104565, 38786622.001474068, 43913147.969803937, 36438304.895810634, 18376299.134621903, 22300127.406823032, 30918214.058564022, 14752936.774414299, 13313766.696154604, 74005685.095867097, 22828370.726941798, 13068559.488036092, 41546073.691971563, 34849998.448987588, 14255355.242937503, 28229919.566512432, 24148495.654621318, 45859615.917651355, 37974115.525134273, 19299575.183414951, 24406015.017903637, 28624427.345607206, 69392597.914280891, 16050203.665898273, 58861483.755754367, 43957832.139792822, 23578005.660161972, 43007748.284158394, 62973674.7105444, 21711710.048154645, 18407190.0775906, 27902771.661211103, 53184255.69126182, 17926219.908359013, 21303459.319110848, 75388984.650007069, 14535943.956581809, 15412855.378291447, 70903118.219872952, 30555206.160907667, 50220929.848946698, 18736092.601274218, 37934498.194697998, 23450646.793319684, 19339442.185823932, 48238678.811890088, 28066844.106246836, 16749066.809221832, 15089961.379730511, 14675672.210486284, 50369502.964036755, 19033456.582519718, 21071934.016805291, 22893010.234897852, 14499222.381549537, 35081943.75125654, 37767940.433470935, 16393550.598690936, 15023399.829309795, 15814702.099095514, 33941900.393293634, 12978778.791687699, 24977013.658808731, 23711679.580988292, 20199610.422335993, 12304411.178326439, 82891079.561987102, 178359658.32180274, 26072395.455828544, 32932970.385331329, 11962015.177570309, 20434437.432519011, 14973636.950152539, 15961089.704871356, 35013946.295036457, 24230965.279933296, 22733305.833845507, 26020952.394111961, 54645798.186676711, 29773755.543808762, 11983663.667563263, 33265344.548868213, 32444372.669891737, 16224311.194200223, 17535501.644204825, 85414156.896324471, 61717769.488796867, 16055317.331484681, 28856473.80632795, 31810117.67118426, 31175463.880367599, 29292417.914542105, 16271022.233839633, 29841159.597542427, 33848058.587068617, 22784053.160757653, 78398096.58193481, 19295986.965263564, 28369994.213861264, 13559204.645889757, 33450680.917097472, 32039942.997284688, 33720245.283867359, 14526409.447968345, 19682242.58652404, 30537952.934083827, 26000692.455555283, 45823838.525239244, 23752761.894923255, 27135824.0842948, 15243810.21043328, 18595715.974071939, 17313088.537055537, 48839411.051075645, 19270456.43882836, 53604953.578400411, 67182808.014883578, 37193248.923342772, 21630492.767092321, 11600526.663095713, 18378389.956238627, 13866803.10613079, 72376893.176777244, 59492753.98067499, 24678502.399231121, 20485655.355837505, 16241460.686587419, 16385891.373006957, 25189508.854982652, 20879603.912822813, 16365443.405150387, 70657012.045376688, 19404311.309752513, 58111804.839537993, 30820748.351333186, 42980612.422034591, 23507244.063694283, 61254000.955838136, 32280975.904969595, 13192923.749308303, 44324837.586639807, 44350217.427994132, 36028613.572789341, 17389705.671918113, 42134198.332347438, 32248923.628942735, 33204281.464928523, 31364389.780162342, 11600526.663095713, 22316388.085814975, 13259174.552907895, 35928775.497860074, 58107749.278382085, 22666477.667928506, 13522878.811180297, 17794729.88669081, 12488151.9441952, 17046091.207277961, 23165632.3484811, 83554719.253512084, 19475104.966965444, 26915242.953794107, 93022915.130998835, 18020136.211190693, 41976336.762197271, 34121086.51293499, 25471403.271995652, 15547614.927841403, 34269627.925462984]
The SumDelay is 39876408123.1
The MeanDelay is 31748732.5821

The maxrestEnergy is 990000000.0
The neanrestEnergy is 263376400.0
The minrestEnergy is 34400000.0
The stdrestEnergy is 127894444.457
a [9, 13, 10, 17, 11, 13, 15, 11, 7, 11, 18, 12, 9, 11, 8, 7, 6, 8, 11, 5, 11, 14, 9, 15, 15, 12, 18, 7, 9, 12, 12, 7, 13, 10, 19, 12, 10, 9, 12, 10, 13, 14, 11, 17, 5, 5, 10, 16, 9, 7, 15, 12, 8, 11, 10, 18, 7, 11, 13, 12, 9, 13, 9, 6, 10, 13, 14, 14, 8, 8, 11, 13, 12, 15, 16, 12, 12, 10, 10, 15, 9, 14, 6, 9, 12, 4, 11, 12, 15, 10, 10, 8, 17, 8, 12, 11, 11, 12, 20, 7, 16, 16, 11, 20, 11, 6, 12, 11, 13, 10, 16, 14, 16, 12, 12, 10, 16, 18, 9, 11, 11, 12, 8, 6, 12, 13, 6, 10, 6, 8, 9, 11, 10, 13, 17, 14, 16, 11, 11, 13, 6, 11, 7, 10, 14, 8, 14, 18, 9, 15, 6, 10, 10, 12, 14, 17, 9, 6, 11, 14, 13, 13, 10, 16, 18, 11, 13, 11, 12, 13, 8, 12, 11, 16, 17, 7, 14, 12, 8, 18, 17, 11, 10, 11, 12, 12, 10, 15, 6, 14, 10, 9, 12, 12, 13, 8, 17, 8, 12, 10, 11, 13, 12, 16, 8, 8, 10, 7, 14, 16, 11, 13, 14, 10, 13, 15, 12, 7, 10, 8, 23, 12, 10, 11, 7, 9, 13, 14, 14, 10, 17, 21, 11, 7, 9, 8, 13, 14, 11, 5, 10, 13, 15, 11, 9, 10, 8, 13, 9, 16, 14, 9, 13, 12, 9, 14, 13, 10, 14, 9, 13, 17, 13, 14, 3, 11, 14, 13, 10, 9, 9, 6, 15, 9, 10, 17, 10, 9, 9, 13, 22, 17, 13, 8, 10, 10, 9, 8, 14, 12, 9, 10, 13, 11, 12, 7, 13, 12, 13, 6, 10, 8, 13, 11, 8, 15, 7, 17, 16, 12, 15, 14, 14, 5, 7, 14, 10, 16, 12, 10, 16, 14, 11, 11, 16, 12, 11, 15, 9, 12, 13, 16, 13, 17, 14, 13, 11, 10, 8, 9, 11, 9, 9, 9, 6, 15, 13, 9, 11, 16, 7, 10, 14, 14, 12, 11, 9, 16, 9, 7, 17, 17, 10, 15, 10, 8, 13, 15, 13, 15, 9, 10, 17, 10, 13, 12, 11, 8, 17, 13, 17, 8, 16, 19, 13, 11, 10, 7, 9, 5, 10, 8, 6, 9, 10, 9, 9, 8, 7, 16, 17, 10, 17, 9, 14, 18, 11, 15, 9, 11, 13, 14, 13, 9, 15, 6, 11, 6, 21, 12, 12, 11, 14, 12, 14, 19, 14, 11, 14, 16, 10, 14, 14, 11, 14, 12, 16, 8, 14, 16, 9, 6, 15, 10, 11, 6, 14, 16, 11, 9, 8, 15, 9, 11, 9, 19, 9, 6, 9, 7, 12, 5, 13, 12, 17, 16, 15, 12, 11, 10, 9, 8, 8, 5, 9, 9, 11, 15, 9, 14, 15, 20, 10, 8, 10, 14, 8, 12, 9, 11, 5, 14, 15, 14, 4, 14, 7, 14, 8, 13, 8, 19, 9, 13, 13, 10, 9, 12, 15, 15, 19, 17, 5, 5, 17, 10, 11, 9, 11, 12, 14, 7, 13, 10, 5, 12, 12, 9, 12, 11, 16, 11, 14, 8, 12, 18, 9, 10, 10, 11, 11, 12, 11, 16, 10, 12, 11, 13, 14, 14, 5, 9, 10, 10, 6, 11, 6, 14, 12, 14, 16, 11, 18, 14, 10, 12, 8, 14, 11, 13, 14, 11, 12, 11, 7, 9, 15, 9, 11, 18, 7, 14, 14, 15, 10, 11, 13, 14, 11, 11, 11, 12, 13, 15, 15, 9, 11, 7, 12, 18, 19, 14, 11, 13, 20, 12, 11, 10, 8, 15, 14, 14, 12, 6, 12, 18, 13, 12, 7, 11, 15, 17, 7, 17, 8, 10, 11, 10, 13, 20, 17, 11, 8, 11, 9, 11, 10, 8, 15, 9, 5, 6, 8, 11, 14, 8, 13, 9, 12, 9, 11, 18, 9, 12, 8, 16, 8, 14, 16, 16, 16, 9, 8, 16, 9, 12, 14, 10, 6, 9, 18, 13, 15, 15, 15, 18, 12, 9, 15, 13, 8, 9, 16, 11, 11, 9, 13, 13, 14, 15, 10, 12, 11, 5, 10, 7, 12, 13, 10, 12, 6, 13, 17, 6, 9, 11, 13, 13, 12, 13, 5, 9, 10, 12, 10, 12, 10, 9, 15, 4, 13, 12, 8, 8, 12, 18, 14, 9, 22, 9, 11, 16, 10, 10, 18, 12, 15, 10, 12, 12, 8, 9, 14, 16, 10, 7, 15, 13, 7, 15, 12, 15, 6, 8, 11, 12, 14, 14, 9, 14, 11, 8, 14, 20, 10, 12, 14, 13, 11, 11, 9, 12, 6, 13, 7, 17, 22, 13, 8, 16, 11, 3, 10, 14, 7, 13, 14, 17, 17, 10, 12, 10, 8, 10, 6, 14, 11, 16, 10, 13, 13, 7, 9, 17, 10, 16, 9, 15, 12, 11, 10, 8, 6, 9, 12, 11, 15, 9, 11, 7, 11, 18, 8, 5, 9, 12, 14, 11, 13, 13, 10, 9, 15, 14, 7, 13, 11, 14, 9, 9, 11, 11, 9, 12, 8, 13, 13, 17, 11, 13, 11, 13, 14, 12, 14, 4, 11, 11, 11, 13, 12, 10, 9, 11, 11, 13, 11, 8, 15, 14, 10, 16, 17, 12, 18, 10, 8, 12, 11, 6, 12, 9, 13, 7, 12, 15, 10, 14, 13, 8, 6, 13, 13, 14, 10, 16, 14, 9, 12, 13, 11, 14, 7, 10, 19, 5, 11, 16, 12, 7, 11, 10, 12, 10, 16, 11, 12, 13, 9, 10, 14, 14, 15, 9, 10, 17, 10, 7, 6, 8, 8, 11, 14, 10, 9, 8, 14, 8, 13, 12, 12, 9, 11, 11, 8, 16, 14, 14, 11, 13, 6, 12, 10, 12, 9, 8, 6, 8, 11, 12, 12, 15, 10, 10, 7, 16, 17, 11, 11, 6, 19, 14, 6, 6, 13, 12, 12, 15, 11, 14, 16, 19, 18, 15, 12, 13, 10, 10, 9, 12, 15, 10, 10, 16, 18, 10, 11, 13, 11, 9, 7, 12, 8, 12, 18, 13, 12, 11, 7, 15, 9, 12, 11, 13, 15, 13, 9, 15, 7, 13, 13, 8, 7, 11, 10, 9, 12, 9, 12, 15, 9, 11, 9, 13, 10, 14, 16, 10, 10, 20, 11, 10, 14, 8, 14, 13, 15, 11, 14, 12, 9, 15, 10, 10, 9, 16, 17, 8, 14, 15, 9, 17, 16, 11, 9, 4, 16, 17, 10, 13, 9, 8, 12, 8, 5, 17, 12, 13, 10, 10, 13, 8, 13, 10, 16, 7, 17, 12, 10, 15, 14, 8, 11, 8, 8, 12, 13, 7, 8, 16, 8, 9, 7, 6, 21, 9, 10, 10, 8, 7, 9, 12, 9, 12, 14, 15, 13, 14, 13, 6, 11, 10, 7, 10, 11, 17, 10, 17, 13, 10, 11, 5, 16, 9, 13, 12, 13, 15, 13, 14, 8, 7, 14, 9, 10, 11, 10, 16, 8, 12, 9, 11, 8, 9, 9, 8, 17, 9, 9, 10, 9, 13, 11, 11, 14, 14, 12, 11, 13, 11, 18, 11, 14, 13, 14, 15, 14, 14, 12, 11, 7, 13, 7, 11, 13, 13, 17, 8, 9, 16, 12, 11, 8, 7, 12, 12, 10, 10, 15, 7, 10, 11, 11, 16, 9, 9, 5, 15, 10, 10, 20, 17, 8, 17, 6, 10, 8, 12, 9, 9, 14, 9, 12, 11, 14, 17, 9, 12, 12, 10, 10, 14, 11, 11, 15, 3, 13, 8, 11, 20, 7, 11, 10, 12, 13, 9, 11, 14, 9, 12, 9, 9, 16, 8, 5, 14]
The trace is [1000, 678, 450, 971, 709, 709, 709, 462, 966, 966, 36, 963, 963, 963, 963, 963, 963, 963, 346, 346, 346, 346, 346, 346, 104, 104, 104, 104, 104, 104, 966, 966, 966, 966, 217, 217, 790, 790, 850, 850, 850, 233, 467, 319, 86, 86, 233, 233, 233, 233, 233, 850, 851, 851, 832, 832, 886, 886, 886, 642, 642, 642, 925, 925, 925, 773, 773, 773, 773, 773, 773, 773, 705, 781, 781, 781, 886, 886, 564, 773, 773, 773, 773, 773, 773, 832, 820, 820, 820, 820, 176, 176, 176, 176, 705, 705, 705, 832, 832, 832, 851, 851, 546, 546, 659, 659, 659, 659, 423, 402, 402, 973, 790, 689, 689, 689, 689, 851, 851, 851, 851, 804, 804, 804, 804, 347, 347, 347, 347, 347, 347, 423, 820, 820, 820, 820, 820, 820, 886, 886, 804, 773, 773, 773, 773, 773, 246, 246, 246, 925, 925, 925, 925, 925, 925, 925, 405, 405, 405, 84, 759, 759, 759, 197, 931, 803, 803, 803, 431, 431, 431, 759, 453, 453, 453, 333, 333, 333, 574, 574, 574, 574, 768, 768, 768, 768, 768, 768, 768, 768, 768, 768, 599, 599, 599, 700, 700, 519, 519, 519, 519, 519, 519, 207, 207, 207, 207, 207, 501, 574, 574, 211, 235, 235, 599, 599, 599, 599, 599, 599, 638, 638, 638, 638, 616, 616, 616, 921, 921, 921, 921, 399, 911, 911, 911, 911, 785, 785, 785, 785, 785, 785, 785, 785, 785, 785, 468, 468, 468, 198, 198, 198, 198, 198, 198, 198, 976, 976, 976, 976, 976, 62, 62, 440, 64, 37, 490, 490, 749, 297, 876, 876, 876, 876, 876, 876, 311, 311, 311, 311, 311, 923, 143, 143, 143, 143, 143, 143, 143, 143, 143, 67, 67, 989, 989, 187, 187, 894, 894, 894, 894, 894, 894, 471, 471, 471, 437, 437, 437, 729, 729, 729, 729, 729, 729, 729, 485, 729, 909, 909, 909, 909, 909, 485, 485, 752, 752, 752, 752, 752, 752, 894, 894, 133, 252, 252, 121, 121, 485, 485, 485, 485, 485, 875, 326, 326, 326, 729, 729, 437, 437, 437, 437, 815, 815, 815, 815, 815, 617, 617, 806, 806, 374, 57, 232, 684, 684, 684, 368, 1, 1, 744, 744, 744, 744, 744, 744, 744, 744, 503, 503, 503, 617, 617, 374, 374, 374, 374, 374, 374, 374, 349, 349, 349, 349, 349, 349, 349, 349, 349, 129, 129, 129, 129, 129, 129, 129, 551, 551, 551, 551, 551, 746, 746, 746, 746, 746, 28, 28, 11, 346, 346, 346, 346, 346, 346, 809, 809, 809, 809, 966, 966, 966, 263, 263, 402, 263, 263, 263, 799, 11, 268, 268, 268, 268, 268, 268, 268, 268, 847, 847, 847, 39, 39, 39, 39, 39, 104, 104, 104, 233, 233, 233, 233, 268, 268, 104, 11, 73, 73, 847, 847, 730, 730, 730, 730, 730, 268, 268, 268, 86, 790, 790, 217, 576, 576, 576, 576, 576, 576, 613, 613, 613, 613, 613, 613, 576, 576, 576, 576, 311, 311, 241, 241, 311, 311, 311, 508, 968, 680, 680, 680, 412, 412, 155, 334, 334, 655, 655, 485, 403, 909, 729, 729, 1, 1, 1, 1, 1, 1, 1, 1, 1, 1, 684, 723, 723, 723, 723, 723, 723, 723, 723, 723, 617, 617, 617, 617, 617, 617, 751, 503, 503, 503, 503, 503, 503, 503, 503, 503, 503, 723, 723, 723, 551, 551, 551, 702, 702, 702, 702, 702, 702, 166, 166, 166, 166, 166, 767, 767, 767, 767, 767, 767, 767, 767, 767, 767, 767, 767, 767, 767, 242, 242, 374, 352, 573, 815, 815, 553, 553, 553, 553, 553, 553, 679, 918, 918, 918, 918, 334, 336, 336, 336, 336, 875, 774, 729, 729, 729, 729, 336, 336, 909, 894, 894, 894, 485, 9, 334, 340, 340, 340, 340, 340, 340, 155, 155, 155, 155, 155, 336, 155, 155, 155, 252, 121, 165, 752, 648, 553, 553, 553, 553, 553, 553, 648, 648, 648, 648, 155, 334, 334, 334, 334, 334, 277, 277, 923, 923, 923, 587, 876, 876, 122, 264, 264, 876, 876, 143, 808, 808, 989, 328, 328, 328, 328, 328, 328, 328, 328, 328, 328, 328, 328, 328, 328, 328, 328, 328, 328, 328, 989, 385, 385, 808, 139, 241, 766, 766, 952, 952, 952, 952, 952, 952, 952, 952, 952, 952, 952, 952, 952, 825, 825, 155, 155, 155, 155, 155, 155, 412, 412, 36, 36, 325, 325, 325, 325, 325, 325, 790, 790, 966, 966, 966, 966, 709, 709, 709, 964, 964, 759, 759, 812, 793, 793, 793, 827, 564, 564, 564, 564, 564, 237, 237, 237, 237, 237, 237, 237, 270, 270, 270, 628, 590, 590, 590, 590, 590, 850, 850, 850, 502, 855, 855, 847, 847, 847, 847, 847, 847, 847, 847, 730, 590, 590, 590, 337, 590, 462, 462, 462, 462, 462, 462, 462, 462, 462, 462, 809, 963, 963, 508, 412, 412, 412, 894, 894, 894, 894, 894, 412, 774, 774, 774, 774, 774, 403, 403, 403, 655, 334, 825, 825, 825, 825, 485, 485, 485, 650, 774, 774, 774, 777, 777, 485, 485, 336, 336, 336, 909, 729, 406, 340, 340, 340, 340, 340, 340, 340, 165, 894, 894, 27, 553, 471, 155, 155, 155, 155, 155, 412, 412, 412, 412, 412, 412, 412, 412, 806, 806, 806, 806, 806, 806, 806, 806, 806, 538, 538, 242, 242, 242, 538, 538, 538, 918, 918, 918, 680, 680, 641, 325, 346, 346, 547, 547, 547, 799, 799, 847, 847, 847, 86, 86, 86, 549, 549, 549, 549, 44, 44, 44, 44, 767, 767, 767, 767, 767, 44, 44, 551, 551, 551, 551, 538, 918, 918, 918, 918, 918, 918, 729, 729, 121, 277, 277, 187, 187, 968, 968, 968, 968, 968, 952, 952, 952, 952, 952, 952, 952, 359, 359, 775, 775, 775, 212, 212, 212, 212, 856, 571, 571, 23, 982, 982, 982, 982, 982, 982, 122, 122, 122, 122, 122, 122, 982, 135, 135, 135, 135, 135, 135, 135, 135, 135, 474, 474, 474, 474, 122, 122, 122, 764, 764, 764, 764, 212, 212, 212, 982, 982, 785, 198, 62, 440, 440, 440, 440, 440, 440, 440, 440, 440, 64, 64, 537, 537, 537, 537, 537, 537, 537, 537, 537, 711, 108, 108, 853, 440, 797, 797, 994, 537, 537, 537, 556, 785, 785, 785, 785, 976, 976, 976, 976, 490, 994, 994, 362, 362, 490, 490, 490, 490, 785, 785, 785, 711, 711, 711, 711, 711, 711, 711, 711, 198, 198, 135, 135, 135, 135, 135, 135, 135, 135, 135, 826, 826, 711, 490, 490, 490, 490, 297, 297, 297, 297, 786, 786, 595, 786, 786, 786, 786, 64, 64, 64, 911, 911, 468, 468, 468, 468, 468, 468, 468, 468, 578, 911, 911, 911, 198, 198, 198, 198, 198, 198, 198, 797, 797, 797, 797, 797, 797, 797, 797, 797, 556, 490, 490, 749, 749, 749, 749, 385, 243, 243, 243, 243, 243, 243, 420, 420, 420, 420, 420, 644, 545, 545, 957, 957, 957, 957, 957, 957, 957, 957, 957, 957, 957, 957, 957, 957, 957, 957, 957, 957, 957, 957, 120, 120, 120, 120, 120, 196, 196, 695, 94, 94, 94, 425, 94, 494, 779, 779, 779, 779, 779, 779, 983, 983, 983, 983, 119, 119, 119, 221, 698, 698, 698, 74, 74, 74, 725, 725, 715, 715, 715, 715, 715, 715, 715, 715, 715, 715, 715, 715, 715, 715, 715, 948, 948, 948, 948, 221, 221, 221, 221, 221, 221, 221, 408, 78, 491, 204, 204, 204, 204, 204, 204, 516, 293, 293, 293, 293, 221]

进程已结束,退出代码0
