D:\software\anaconda\envs\chen2.7\python.exe D:/project/cps-slp-wc/MYFSS.py
网络规模： 1000 500.0
[[], [], [], [962], [], []]
[[962]]
[962]
962
正在构建骨干..............
OK 找到最短路径
[1001, 962]
('\xe8\xb5\xb7\xe5\xa7\x8b\xe7\x82\xb9-\xe5\x8a\xa8\xe6\x80\x81\xe7\x82\xb9\xe6\x9c\x80\xe7\x9f\xad\xe8\xb7\xaf\xe5\xbe\x84\xef\xbc\x9a', [1001, 962])
正在构建骨干..............
OK 找到最短路径
[1001, 962, 414, 701, 96, 700, 211, 476, 261, 523, 609, 576, 508, 806, 1000]
('\xe5\x8a\xa8\xe6\x80\x81\xe7\x82\xb9-\xe7\xbb\x88\xe7\x82\xb9\xe6\x9c\x80\xe7\x9f\xad\xe8\xb7\xaf\xe5\xbe\x84\xef\xbc\x9a', [1001, 962, 414, 701, 96, 700, 211, 476, 261, 523, 609, 576, 508, 806, 1000])
10 20 30 40 50 60 70 80 90 100
110 120 130 140 150 160 170 180 190 200
210 220 230 240 250 260 270 280 290 300
310 320 330 340 350 360 370 380 390 400
410 420 430 440 450 460 470 480 490 500
510 520 530 540 550 560 570 580 590 600
610 620 630 640 650 660 670 680 690 700
710 720 730 740 750 760 770 780 790 800
810 820 830 840 850 860 870 880 890 900
910 920 930 940 950 960 970 980 990 1000
1010 1020 1030 1040 1050 1060 1070 1080 1090 1100
1110 1120 1130 1140 1150 1160 1170 1180 1190 1200
1210 1220 1230 1240 1250 1260 1270 1280 1290 1300
1310 1320 1330 1340 GAME OVER !!!!!!!!!!!!!!!!

The safety is 1346
The every listDelay is [18183580.182499856, 10066178.146626815, 5600254.2511496544, 13107831.39656152, 8975634.3512639366, 12882154.130282147, 39309464.853809848, 5971843.3331921156, 14865606.429634254, 27643517.590454593, 30902047.173096113, 8583248.2987929136, 15490844.440481335, 10804221.425629945, 26969414.636914536, 5600254.2511496544, 12351284.479017312, 7035214.4000375178, 11302662.469366387, 24714115.731266525, 115218578.9062497, 5600254.2511496544, 8830624.4412315786, 24635143.452825431, 17822210.835045397, 6612385.1455393694, 5600254.2511496544, 11491237.718380753, 13340088.901447646, 10005686.423038529, 43668074.32585384, 6066809.2451645453, 12283689.310845459, 23001759.724663138, 7948263.6244934266, 8793789.4932129905, 12629007.426348742, 21536408.705006517, 8684959.1728991326, 17263234.947969913, 16669958.545571502, 46648691.402460985, 18555196.692527585, 13998003.471966404, 6772864.7442752663, 6934708.6610966073, 15225969.493355034, 5600254.2511496544, 14013745.251027456, 17355104.289462447, 14048721.365049759, 8816410.7323546782, 42393131.974018462, 6700803.0200010408, 5764908.5696081575, 29236477.301746864, 18403887.953952372, 8246020.8133962834, 12703716.383068778, 96335216.504525661, 38279217.21797996, 9083622.3777635563, 8526664.4104893021, 12197746.482934611, 17024660.546850435, 8356838.3751815511, 31161653.804186761, 16742513.937538795, 5940687.9406894026, 21082520.377004452, 7035214.4000375178, 6192433.0906057023, 6316027.972616734, 15674516.117721779, 13771007.045954496, 16529576.459255029, 21126632.05858662, 6274560.3525282666, 11477911.703945225, 12560733.07240421, 13226303.667883705, 9685081.2132618316, 9622925.3041085992, 5600254.2511496544, 9496504.1796455458, 12523573.528389575, 14385328.268273879, 7504725.9731696025, 49568374.024937026, 16631292.352775482, 5600254.2511496544, 11044223.643494122, 25885504.092996869, 9348621.9784240108, 21908355.559347503, 17108415.383457009, 14365586.813304964, 58368404.900858209, 7311903.3013166841, 11143594.712713582, 13677643.284743186, 38710261.988773644, 34732735.467440948, 7134399.2125182031, 10053892.871020848, 18241710.787976559, 10724499.773063883, 9577780.7724823467, 17253956.566803627, 5938883.5525591411, 5842992.4562226143, 8756322.848966781, 6173049.0901628835, 7877676.7153696008, 8403036.5127454307, 40295368.779613286, 5822679.0642704573, 9802791.372009825, 121063349.11531934, 5600254.2511496544, 17496831.531697288, 5600254.2511496544, 8768605.1532695033, 14267034.784151509, 8927253.5890588444, 26888194.526812602, 95364171.89172861, 10467907.168448845, 5600254.2511496544, 22099234.739024013, 13127897.424623841, 13070613.153779283, 32406754.828001153, 24448945.320052505, 17144118.649280168, 6034929.3696377054, 29396179.961836226, 12973173.78281378, 6267769.6779687935, 9758576.8096579295, 6036698.8749495745, 6267830.7959577097, 47511719.837445877, 12752142.07406296, 6099998.1354430728, 11406463.195832705, 17739496.670115106, 98513386.775626838, 8002187.4669252057, 56797835.776326105, 13182016.97769497, 34732735.467440948, 27275483.339982793, 9595556.1305568479, 5689976.9884827137, 19410759.719562225, 16933673.963979889, 11265657.575504187, 13531303.378497217, 6064912.1028079903, 7839990.7523648581, 12503188.951458478, 8158173.9191448968, 40128721.157159939, 2361498254.8747091, 14990156.869169533, 6286170.2572873598, 13320954.584489765, 13381907.525625868, 5600254.2511496544, 13499069.056367885, 7484518.3444997752, 14119091.282800894, 10488604.234477658, 14188756.2931516, 6731875.8565607704, 9832167.775220111, 10044306.225399358, 92234782.725535706, 10909061.271531764, 10865361.259667439, 5600254.2511496544, 8735580.2780102994, 11231658.459357955, 9443808.4539154675, 13466760.113846324, 5600254.2511496544, 14105983.434871832, 7419667.4574462213, 22318147.813087236, 22020445.056252263, 24436323.972641494, 5600254.2511496544, 5600254.2511496544, 21721587.196654253, 20452146.620148078, 14762229.790054036, 32415892.192711607, 20327801.034121267, 5600254.2511496544, 19900603.12383474, 12382915.748310696, 15614615.844612472, 14232945.046405589, 18242921.431993086, 21538638.927096672, 38635178.597192541, 7948948.272966098, 8729970.0647393949, 7080197.1112783886, 10695224.813897748, 33805049.164421029, 42147449.631884702, 12468289.55738942, 5600254.2511496544, 7076587.2193364631, 12426942.480463779, 45159487.596780434, 14836928.156339407, 14139099.176301967, 6480682.2910752371, 7737864.1922533847, 27884151.326058935, 11285726.085025795, 24306250.10558961, 31105177.091251768, 11880495.2527733, 10461611.130423702, 89884172.284403279, 8395241.2796564847, 8023827.1408016477, 26086434.272298269, 16383147.375512613, 5600254.2511496544, 7513016.0909701819, 12668854.546688737, 6036698.8749495745, 13800431.092038274, 26800577.381780468, 7613928.5251315553, 13110210.011501685, 14379170.40817477, 40303839.812137015, 13118118.707921207, 12672145.150278524, 12437571.740114449, 17949471.117480516, 6895907.4608280929, 18310501.661325667, 17917425.482766062, 7816228.0588734914, 11581153.383106722, 14660972.259177169, 9155114.0981028099, 13739541.836710492, 5600254.2511496544, 18707453.801174313, 6895907.4608280929, 5600254.2511496544, 15467718.196075361, 7587666.2439320562, 6308082.0045109103, 17730285.665520616, 15398921.620373216, 7303424.7619951963, 11687542.958746705, 24263493.408100955, 5713477.6937026409, 14798249.923023719, 9485117.3393060341, 22911861.318784844, 5600254.2511496544, 6351314.0244911117, 27769025.140879568, 8882617.7959099486, 16789740.969515268, 6793965.5229784548, 13062124.914981432, 9245997.0410783365, 16663842.510295345, 7008649.3703218289, 7016401.7701223092, 14976370.167056933, 11317550.740056684, 6344688.6442943765, 10412883.1760731, 6286170.2572873598, 5600254.2511496544, 8307382.9360767892, 5600254.2511496544, 12044532.92738669, 12237200.804524319, 27590749.672301337, 5600254.2511496544, 7815481.1084292252, 35932180.309493519, 35017034.572282165, 5600254.2511496544, 32139495.036939364, 7877676.7153696008, 8975634.3512639366, 8284292.2355286656, 11160294.786814962, 30237349.884697977, 22404402.715209711, 11253971.499277433, 7418101.6590862442, 8550121.1411497481, 5600254.2511496544, 10442340.070881359, 7815481.1084292252, 8106221.8340797555, 33235700.793821435, 6548230.4662210541, 15903467.220381571, 30264583.894049656, 7455240.6509862803, 15884103.344153741, 9370189.3983907141, 8095389.3617805168, 7011685.8829711396, 16498971.514929431, 12524139.40213046, 16568528.667427145, 6647778.9760956764, 35295564.569101922, 17304398.447062567, 12785894.84665731, 26242166.780964881, 104139440.01538755, 5600254.2511496544, 17931561.878849346, 6240148.2105806181, 5600254.2511496544, 5764908.5696081575, 16715038.482024331, 19820242.328262955, 14525781.582849521, 21729239.977161817, 14380146.278700776, 8896631.8748774827, 6576843.3350430448, 2362658853.1286135, 7419667.4574462213, 24788980.221393038, 6316027.972616734, 12122447.030854149, 6895907.4608280929, 11498596.987834806, 9024293.7936482988, 31829797.079007979, 15185749.455259187, 14644988.748711444, 16465013.649846787, 21347347.241798215, 26305027.041452155, 17505513.197465304, 9577780.7724823467, 12058069.045337606, 14114783.429776845, 13456368.758259134, 11241754.241690494, 13628366.478551753, 15444208.926189434, 11919130.401419306, 34163334.538105585, 6576734.2264054213, 7010874.6687814277, 16101630.97564988, 12500824.220972592, 16459986.952383835, 6579719.7397981975, 15030096.188587673, 15808949.824927051, 17815717.909129217, 16591087.8118916, 99472788.908348307, 10105968.25510652, 6996280.9906135239, 39022673.603175744, 5600254.2511496544, 7302880.1391648073, 5600254.2511496544, 101470359.29832764, 14420443.148989344, 6461894.0417070445, 5822679.0642704573, 12461031.086058162, 44229443.724029057, 2366443153.5428982, 20903261.866842225, 13326989.51643, 13892897.478738356, 8123145.1601958331, 6930651.9499883819, 9357162.8549888283, 5857797.9579347689, 12910858.412738582, 17772392.335726634, 5940687.9406894026, 16529576.459255029, 5600254.2511496544, 108776560.90426013, 7433814.2141173109, 20423147.347161829, 8417908.3722840473, 7307703.1516352752, 15416293.999298006, 7815481.1084292252, 14918911.20704231, 10724499.773063883, 16220323.411059801, 13575742.2925072, 15313563.028376363, 24181359.073549297, 36274883.22501944, 17356502.578278989, 6611737.2926230794, 15773321.974162657, 25505514.239314709, 13402346.457758382, 8128122.613699819, 7389672.5930783534, 14856339.40977842, 40943475.254140206, 7644426.1276336694, 7154304.6085222904, 39487172.943229847, 7816228.0588734914, 9367641.4743172433, 29366370.152701803, 7143679.6715472909, 6633422.6852654656, 22608188.433090892, 9443808.4539154675, 18030620.665537417, 6400558.3516740352, 14931440.250027176, 15531429.074919123, 10457294.055265313, 18473026.025398228, 24356524.603907675, 10440418.636754692, 7324054.6960168183, 9702744.5774883907, 22383370.478716865, 18458711.124172438, 22565165.239167735, 7877676.7153696008, 17621070.879129991, 6036698.8749495745, 6141530.5436958522, 5600254.2511496544, 5600254.2511496544, 11649250.600929171, 8076834.3278595489, 49172724.433539674, 5841527.0104960194, 28659267.275985945, 10271319.632340156, 25366107.682466459, 12603678.509022763, 14379170.40817477, 11532149.566408534, 9836951.2509718072, 5600254.2511496544, 6383262.445889594, 37531128.530468181, 124587546.95731114, 9611802.6679958496, 10809738.350976178, 20766399.417026412, 5600254.2511496544, 35402603.658884235, 7234875.543762018, 6633422.6852654656, 2363531321.1091738, 12847540.164291596, 9598985.2849567626, 16465532.079449026, 9231904.1787559856, 8071332.3456621822, 14702420.559304411, 12967243.303777229, 38811640.416093498, 13598797.741064252, 11426480.603431834, 11391072.004317883, 8888627.8208491895, 12676714.390578358, 10992997.844164642, 12408792.750884624, 10232457.002301695, 12560733.07240421, 5890248.0263559185, 7389672.5930783534, 5600254.2511496544, 11191628.894263206, 9250213.774837032, 18455846.33718577, 32860111.03031427, 6519435.7085494865, 12965710.574165061, 13499950.595352873, 132652938.98751973, 16412079.743521046, 8278666.1510534883, 22190190.132202934, 10993373.953573594, 17602578.42920123, 21129932.412895676, 11693862.610880598, 7572779.5330218654, 88956265.125749826, 15416293.999298006, 23337213.099780876, 6694747.0677317223, 5600254.2511496544, 26310680.018958028, 23163132.435329411, 14753289.237833006, 8253401.7415134562, 20003713.411467969, 15729795.209471405, 7979585.9294968415, 16613182.639669685, 5600254.2511496544, 28173586.241986562, 15089261.534573074, 6781141.9100725576, 13639218.854174385, 6305193.5923630893, 15912166.237870065, 11510038.949290652, 13576709.827801172, 8289001.4346581474, 5600254.2511496544, 10368860.959440853, 7455240.6509862803, 5600254.2511496544, 12022973.241877548, 37729264.555565186, 11194905.870861001, 5600254.2511496544, 10868601.041031286, 25052669.25717856, 108050855.05166371, 8924989.7744938489, 15028311.992299866, 6731875.8565607704, 8372666.1189478887, 11813249.404264897, 13633626.800289858, 6177045.826300282, 11102537.504734019, 5600254.2511496544, 17793663.632219002, 5600254.2511496544, 9139313.1905082501, 12441695.487100568, 5600254.2511496544, 7455240.6509862803, 5600254.2511496544, 12798897.18031827, 9397214.7231316511, 6427884.7431957554, 9312103.4324565418, 5600254.2511496544, 7062225.1320748497, 10465316.898288164, 21473188.705571935, 6286170.2572873598, 18202233.062945049, 11261524.732646748, 12483423.519466531, 46036372.244802989, 10295968.230226964, 19530423.100924421, 36997469.918906063, 2361869440.8102922, 35305530.306454174, 5940687.9406894026, 17600282.073206395, 17142613.310965613, 13507057.777579203, 115819872.4253218, 16782309.450449217, 27089713.236935258, 5600254.2511496544, 8932850.6398215219, 33495015.80763242, 8452464.3058869429, 7505487.2573976312, 8947337.4869762398, 8307382.9360767892, 5600254.2511496544, 8258858.2363054678, 15581961.894071877, 13347841.927124819, 6731875.8565607704, 7826761.9715388138, 5600254.2511496544, 9880651.5183880925, 11059641.063183468, 14866989.175890908, 7449894.3422983615, 5600254.2511496544, 12431950.616176128, 19583829.07283099, 37317979.060906976, 13592757.788721565, 18934282.378309429, 47197718.44813519, 21600362.283976927, 6344688.6442943765, 11421880.287446875, 2366322171.9574413, 21018907.868386157, 8452464.3058869429, 10363800.195866829, 25768994.428641845, 23677744.27295604, 12380487.266187895, 10199145.877408326, 10727959.759444173, 5600254.2511496544, 24549830.358673755, 10179215.508776732, 16219953.941414185, 19552152.978376966, 11446677.2578943, 5600254.2511496544, 6784610.4694412993, 14157594.678591743, 16627560.417262988, 6286170.2572873598, 11261524.732646748, 11572169.37655846, 12013761.899538793, 9502564.9388141818, 7194366.797795577, 7472471.0480099535, 2362645307.4300098, 6308095.4269126579, 13809048.002526281, 10664516.359425044, 14471312.85480608, 18192515.888085213, 12692247.094947405, 11727997.142034736, 15755174.952080103, 5600254.2511496544, 19116679.041435428, 8157484.0807842994, 22214088.073852189, 18302630.333850414, 5600254.2511496544, 10979834.541779531, 7422635.5286898352, 27728105.174862009, 17078129.902909115, 56131317.113484688, 18200058.014706906, 5855851.3376392182, 33170315.266302947, 12967016.229552908, 25201796.892497107, 8954929.4093947299, 8960042.4869734943, 10031513.456197076, 13715656.632135358, 52189012.525542684, 13830641.631889701, 29076212.256129868, 12164868.28880192, 6691970.4560236474, 13983009.173126845, 34229472.452494197, 5600254.2511496544, 5600254.2511496544, 2377182360.7234173, 19664247.272959653, 5600254.2511496544, 15440541.12434954, 6066809.2451645453, 129552466.8445292, 9743296.7180884909, 7779854.0550745726, 15286151.991828268, 22050196.22475772, 13299959.196813831, 10549145.964141887, 31017180.245737612, 15480768.943114609, 23103951.261663925, 21966253.407758892, 11387213.585359409, 5841527.0104960194, 11614529.730234208, 8681343.1968900207, 5689976.9884827137, 47497022.708741046, 14457388.2590262, 10965077.314412009, 5600254.2511496544, 7977181.3753834851, 13021751.861969078, 21687493.742679585, 89965830.964722008, 16069040.377144177, 11996994.552130459, 5600254.2511496544, 18328160.957542509, 16046488.214019094, 19675347.946736079, 10448914.764579555, 5600254.2511496544, 8975634.3512639366, 8810938.7256172765, 5600254.2511496544, 5600254.2511496544, 5600254.2511496544, 6036698.8749495745, 42723235.40543735, 23675855.032281768, 16719310.351481784, 13966423.00474086, 22426408.367365975, 9966985.6648480967, 32852316.690580688, 17641492.547205511, 8094574.0039159637, 7920678.092034081, 5857797.9579347689, 9040398.6784642749, 18982262.263240468, 5600254.2511496544, 11916727.279473703, 12016422.906246733, 11462121.596478064, 6444147.298486229, 5857797.9579347689, 5600254.2511496544, 13597880.052687204, 16999326.231957942, 6529213.7611643979, 11898834.71410295, 17114350.056151167, 11653024.356461812, 5600254.2511496544, 17144433.121147066, 11909417.457314383, 7902497.9472903199, 24021147.090538204, 6731875.8565607704, 22794684.488134492, 8588624.2876493577, 8446026.4811581131, 11516176.545190331, 14365586.813304964, 12008151.057404559, 8836999.2090449166, 23594635.139755692, 5600254.2511496544, 41409864.060638353, 8214529.1735626236, 17097320.029769715, 22628392.230956875, 46046394.090697095, 6612385.1455393694, 12067775.969045835, 34135367.705516569, 17695080.082208063, 12213252.11926315, 5600254.2511496544, 14578740.643220155, 11727997.142034736, 7070003.3746572221, 9720245.8930604737, 6174847.7705191625, 20580400.40295757, 10705057.932105793, 9657994.2185112629, 110957762.73258212, 14699323.009769078, 5600254.2511496544, 13156021.636568246, 7602768.6924713347, 5600254.2511496544, 14905021.083181569, 6192431.6299852515, 32582584.181950986, 6614058.6603866629, 5600254.2511496544, 13326178.780401237, 31497342.109928586, 32277169.047329005, 8586862.2563973963, 44708071.862332322, 9752301.4197530299, 11790157.916840531, 5842100.1905898619, 9157456.8207001574, 109545518.89688747, 10526339.210872661, 5600254.2511496544, 5764908.5696081575, 7953393.8018183922, 7279392.7476569256, 14920484.445838764, 17555389.166323032, 10457294.055265313, 28948379.203858588, 104828824.05247809, 12963247.927975871, 16368381.329589482, 5600254.2511496544, 21237998.725330513, 21363220.081773803, 32529684.492082302, 7455547.9641023446, 6386707.8037133627, 6612385.1455393694, 23082540.856026024, 20629144.864722174, 5600254.2511496544, 20056730.11354468, 23771511.564200763, 20346430.177326344, 5600254.2511496544, 11756044.777163452, 10492110.530111462, 10075436.720836278, 9248270.6796670165, 7947626.8935904959, 34732735.467440948, 15870778.099690029, 97827045.901915073, 9688830.4255505148, 6192431.6299852515, 38720117.867918544, 8853321.4875027444, 27604401.513716243, 19498587.010626715, 15638619.309875775, 25644602.410620343, 6168768.6605029907, 12433860.159867004, 2362714144.9571171, 24069462.239873111, 6614058.6603866629, 5600254.2511496544, 8571117.7765654884, 5600254.2511496544, 31946146.740700778, 20864657.862494953, 6075485.7503640419, 6694747.0677317223, 7455240.6509862803, 17805392.29734857, 13540797.041746609, 6793965.5229784548, 8975634.3512639366, 5600254.2511496544, 7783428.9874161044, 10691602.429176234, 9245967.2478103247, 8938139.711888982, 5686357.6320321336, 26492036.298672456, 14030962.277628643, 8475484.5677257683, 7302305.5655246628, 11021821.773289151, 5600254.2511496544, 18712119.828171104, 9248270.6796670165, 18408510.382971831, 17420081.829027675, 9212857.3106406331, 7815481.1084292252, 13158329.648438098, 6316027.972616734, 12686727.780488949, 14788887.021592561, 70245022.48115629, 8012455.8799542747, 20737411.433429711, 15151926.136070475, 2361384013.5856142, 14682121.205182314, 8896631.8748774827, 7389672.5930783534, 8253401.7415134562, 6987307.6851545097, 11844616.895281058, 5855851.3376392182, 7580538.5782662202, 6644000.1597173782, 9220874.5782867651, 121996876.25101337, 14116301.507100878, 122010909.46673077, 13070613.153779283, 11528921.956799462, 45244057.033839047, 19324536.306568898, 19755062.54959996, 13306778.007793294, 9622925.3041085992, 5600254.2511496544, 15101782.683403343, 10641647.320009781, 8430857.4926913753, 6279815.9215242881, 89472684.290635109, 32582542.833714884, 23540755.656966172, 9130295.0316284206, 20144198.449690886, 6015809.8075818541, 8452464.3058869429, 26632500.103551034, 7740485.0669407696, 20833299.945954863, 8366511.6720997253, 12022973.241877548, 9886381.8464935776, 98034777.515667081, 14537079.322424624, 10866722.422216382, 5600254.2511496544, 15699237.362506233, 10515563.218489015, 5938883.5525591411, 17139489.424859971, 12306110.963786282, 7389672.5930783534, 12446429.733567934, 24167119.92608675, 41363967.908070087, 15634061.803284554, 39262715.601307064, 8724275.0845369734, 7449894.3422983615, 5600254.2511496544, 26128979.669097651, 5961028.5996996574, 9192983.7543630023, 140949265.88320634, 10619411.896719607, 5764908.5696081575, 21299541.655070059, 18194956.20894796, 31994602.913458597, 11933250.504544489, 5600254.2511496544, 14375024.611407783, 8428586.8155908175, 6866041.4088957524, 11228842.657060372, 16928626.153439656, 6914062.1935864957, 8475484.5677257683, 10495047.536957815, 38870520.386513665, 8252658.8481264776, 6383262.445889594, 10021822.40528526, 21010920.799652766, 5600254.2511496544, 20977235.815470401, 21010920.799652766, 14337009.948389214, 7367936.6970629273, 9685241.9294839259, 9508595.9306275807, 7816261.7121075289, 10230724.414392687, 7815775.9394147778, 29183909.833370443, 6967505.5551946582, 11879881.577745752, 8309521.9331614496, 8355510.5799275283, 7378800.2824488841, 38730952.965683736, 5600254.2511496544, 21857587.768062897, 8475484.5677257683, 10047946.313677279, 37109662.591674782, 11609766.295040099, 15586519.064510636, 22315720.310533725, 19753334.219494887, 24746243.861045517, 8995492.5414185561, 12489520.367085788, 5689976.9884827137, 7234875.543762018, 7947626.8935904959, 30114113.81257458, 55087598.199330203, 27437872.473419026, 18884054.173354112, 10855682.319502791, 32010953.669844396, 12498420.692764059, 34548038.726709545, 11986223.127862781, 8606103.0816473719, 12998802.878277289, 7838680.1138557773, 14536885.223616032, 15583210.028231867, 13614168.876375744, 12217833.411757223, 27141398.418723814, 22239150.299830057, 5600254.2511496544, 26200937.991021261, 6831386.7864451837, 95267653.90335913, 7047362.1898339018, 8732279.5027383268, 26497000.364893433, 5600254.2511496544, 36967617.413181841, 5940687.9406894026, 7601186.6258548452, 8728192.9782540761, 9573517.3285282757, 9172979.3420013674, 13399512.083746271, 18691978.352694761, 12966614.83408661, 7838680.1138557773, 7359021.1162540801, 19535673.4934396, 26821489.608310465, 5600254.2511496544, 6146592.8460582858, 13307728.172327934, 5600254.2511496544, 87193419.096923769, 5600254.2511496544, 7953698.8490355378, 12179885.110945584, 15929434.153309373, 28778324.71537238, 21284858.491226062, 6168768.6605029907, 20779631.774734676, 11000854.740374036, 10233336.703878952, 8253401.7415134562, 41987883.583318062, 5600254.2511496544, 5600254.2511496544, 5600254.2511496544, 13070613.153779283, 21565257.773395255, 45259725.999280155, 31122663.919366851, 9703081.0749769714, 7370757.0981290825, 15239051.253979441, 6034929.3696377054, 6270122.4425929431, 118031425.60801287, 8544130.0290880688, 41902629.029168203, 8615704.1816454008, 28768562.379782297, 34732735.467440948, 10726981.207470154, 5841527.0104960194, 6103537.8710176442, 12298880.189418094, 5600254.2511496544, 10110645.924222209, 29907498.560870763, 5600254.2511496544, 14237562.039969387, 7210591.7884544879, 12026201.369896578, 34690442.021444291, 5600254.2511496544, 5600254.2511496544, 26509046.576202687, 2368286884.1777725, 11241754.241690494, 27523842.669403758, 31745193.031528253, 6859869.3980892347, 21142244.77434295, 11566935.407836955, 5600254.2511496544, 97904624.621994108, 7435964.7042071018, 6115400.5537388921, 10457294.055265313, 5600254.2511496544, 11140748.056724446, 6751704.5702689225, 7205009.6527089057, 16689319.62600923, 5600254.2511496544, 7507481.6853761096, 14435193.068376224, 13409153.45930581, 12600743.892615777, 9177741.0595457423, 8896631.8748774827, 5938883.5525591411, 20516908.428047448, 7062225.1320748497, 6177045.826300282, 17832846.494265854, 105971923.35293423, 5600254.2511496544, 13164172.910853071, 8372666.1189478887, 15553786.455951814, 2370179292.5399551, 9653182.5908935592, 20967398.452768397, 10673565.590001488, 17548561.000205405, 20902536.861315463, 13125568.362020362, 5600254.2511496544, 7047362.1898339018, 99205138.468896478, 26005810.108676251, 24039762.405544043, 16073149.291706759, 8190501.3598010782, 18577746.705027305, 10544169.843855591, 6192433.0906057023, 10862093.228320938, 12446429.733567934, 7455240.6509862803, 11647411.086587586, 42313664.273178928, 11155457.504082497, 51935852.475599825, 7607820.2627512831, 10041063.230535235, 22624404.537557855, 2372059154.6414795, 42673737.552626222, 10077990.391899249, 8934276.2202594019, 34997432.667294338, 5600254.2511496544, 5700536.083217646, 7947626.8935904959, 12573779.735110201, 6434277.569425459, 13814603.898776542, 5600254.2511496544, 27520343.866019022, 36073568.043203995, 5855851.3376392182, 12981136.698597459, 6146592.8460582858, 15829542.576507213, 6875789.8508884227, 8833443.1050295606, 40192887.396771513, 14047372.294164333, 27083674.745649047, 6066809.2451645453, 11965984.958628234, 37593807.137756631, 9387801.7930152584, 6706703.204595509, 10737286.99111177, 7844289.5312667945, 8889807.6097593158, 8691048.6514164805, 12215764.406354154, 18997000.802404851, 88853649.711151093, 9268523.2841853537, 13217883.25545812, 13961325.405293377, 9634298.7589874007, 14320488.346263196, 47046412.272151619, 17757600.707910061, 11842389.9044696, 12264289.029801145, 10724499.773063883, 27790966.646017693, 11098565.112818517, 44359712.356421657, 5600254.2511496544, 98651631.416056514, 18980113.69533132, 13768516.308712997, 2370413601.2188187, 29734895.937078699, 20974233.215030685, 5857797.9579347689, 11810976.911085065, 12524406.152496563, 7635477.2481573271, 11784927.954769919, 7369053.1691103345, 25124662.710147675, 19671345.006453827, 23087697.852629337, 5842100.1905898619, 6691970.4560236474, 15806217.969391774, 6991109.5985007947, 10457294.055265313, 44643739.419311047, 9496504.1796455458, 6066809.2451645453, 16046488.214019094, 12949207.373257693, 8475484.5677257683, 32152999.462191947, 18294932.822240852, 16319161.400593722, 7307816.7295514503, 5600254.2511496544, 5600254.2511496544, 6694747.0677317223, 20355706.177039348, 19486783.834333986, 41701463.881810844, 15707169.977462037, 8561004.7904216498, 17104657.661617029, 37235015.238466382, 6623303.2038227925, 39966149.573110767, 39599299.142029688, 5600254.2511496544, 94380725.776153937, 24462954.303967942, 6146592.8460582858, 18162083.566406321, 7213702.024662137, 14916310.261814907, 9459760.3598261103, 16672051.514726415, 9285525.0629223455, 8962441.4247121103, 6942798.0027964842, 5689976.9884827137, 10979834.541779531, 7760382.244762674, 13356467.794893425, 5600254.2511496544, 14490055.630714636, 11270112.980619395, 5600254.2511496544, 34792922.279481463, 11832960.616663128, 31714659.006587122, 6108699.233705733, 17498767.925848003, 10793040.136288181, 130838512.7076031, 7696020.6076722499, 13931508.205791265, 17863367.736598037, 15148919.714530922, 18371118.084894069, 18758211.647030659, 6893366.3542922121, 6404612.3042355813, 21627147.952912949, 7748141.1382125551, 12434939.262838468, 22036216.135986794, 15785340.743388712, 22752090.354809996, 14450412.040764757, 16364432.442773879, 25354225.315386821, 7326685.9447447397, 16585967.91720302, 11220183.900896458, 10724499.773063883, 25219896.202152699, 5600254.2511496544, 10641617.879761595, 25870946.718063347, 17832303.152206481, 24166716.827498265, 16269847.348595817, 6731875.8565607704, 7711374.0797794322, 16366990.777507111, 7650532.6027261699, 2360190302.3137846, 21605944.018417619, 5842992.4562226143, 14402741.260519248, 9394820.5811214745, 17407327.579067912, 6576843.3350430448, 12177808.815192712, 23923513.463943925, 15026495.858726464, 9869963.8973940182, 15510444.607527031, 8627654.8567219172, 23434609.301847711, 5600254.2511496544, 8084608.4168782039, 5600254.2511496544, 6075485.7503640419, 5600254.2511496544, 21137156.412838377, 17620307.016419541, 11769969.715202827, 17769854.937625248, 2377280394.3112502, 6770922.9011401199, 8475484.5677257683, 5842992.4562226143, 2360190302.3137846, 17613910.720230874, 11036224.9823565, 5686357.6320321336, 6015118.7216709014, 35447541.358027324, 6075485.7503640419, 12004238.746377394, 11336969.611207325, 13036135.003049832, 7815775.9394147778, 8590201.8899914138, 5600254.2511496544, 8128122.613699819, 6463853.167030328, 23007108.094718579]
The SumDelay is 62755131872.1
The MeanDelay is 46623426.3537

The maxrestEnergy is 991000000.0
The neanrestEnergy is 265284400.0
The minrestEnergy is 35200000.0
The stdrestEnergy is 109008692.299
a [13, 10, 5, 16, 5, 13, 13, 11, 11, 15, 12, 7, 10, 16, 13, 12, 9, 10, 13, 9, 9, 7, 14, 19, 18, 21, 7, 13, 9, 12, 14, 12, 7, 18, 12, 13, 13, 14, 12, 10, 14, 17, 8, 7, 12, 11, 13, 12, 11, 8, 10, 15, 15, 10, 5, 15, 15, 13, 15, 9, 7, 12, 19, 9, 13, 18, 19, 18, 13, 11, 6, 6, 13, 9, 10, 7, 12, 11, 5, 8, 10, 10, 11, 15, 10, 13, 11, 11, 14, 8, 11, 13, 9, 11, 15, 6, 18, 13, 7, 11, 11, 9, 10, 10, 12, 18, 12, 12, 13, 10, 6, 11, 18, 15, 10, 7, 12, 16, 16, 7, 10, 10, 8, 13, 10, 12, 10, 13, 8, 13, 13, 10, 16, 11, 10, 13, 11, 12, 9, 13, 14, 12, 18, 13, 14, 15, 13, 9, 12, 14, 12, 9, 15, 9, 8, 13, 11, 14, 6, 13, 6, 9, 12, 16, 18, 14, 9, 10, 8, 5, 16, 9, 6, 13, 6, 13, 9, 12, 12, 13, 15, 9, 9, 11, 12, 9, 8, 13, 8, 18, 9, 13, 8, 15, 18, 13, 14, 7, 17, 8, 13, 14, 11, 17, 12, 6, 15, 13, 10, 11, 10, 9, 7, 7, 5, 10, 13, 9, 18, 9, 14, 9, 8, 15, 16, 14, 12, 17, 8, 7, 11, 15, 12, 12, 9, 13, 7, 13, 13, 9, 12, 10, 19, 16, 10, 17, 13, 9, 14, 16, 8, 14, 12, 10, 18, 6, 13, 10, 7, 6, 10, 12, 12, 18, 13, 14, 15, 11, 16, 10, 16, 12, 4, 10, 10, 11, 14, 15, 14, 17, 12, 11, 9, 11, 11, 15, 11, 10, 15, 12, 11, 11, 11, 6, 6, 14, 6, 13, 19, 16, 11, 13, 9, 14, 13, 15, 10, 5, 15, 12, 8, 12, 12, 6, 8, 12, 13, 11, 11, 10, 11, 17, 8, 12, 11, 10, 19, 8, 13, 8, 4, 12, 7, 9, 11, 11, 11, 13, 12, 7, 5, 13, 12, 5, 17, 8, 10, 12, 13, 15, 16, 14, 8, 9, 13, 13, 11, 4, 9, 11, 10, 11, 10, 6, 7, 18, 15, 10, 10, 13, 10, 7, 8, 14, 12, 11, 8, 15, 14, 17, 10, 15, 2, 13, 17, 10, 8, 10, 13, 12, 11, 17, 16, 8, 8, 8, 10, 12, 7, 10, 9, 9, 17, 13, 15, 9, 7, 10, 5, 13, 9, 15, 14, 10, 12, 13, 10, 18, 11, 8, 15, 13, 10, 13, 17, 12, 8, 4, 12, 9, 17, 12, 13, 11, 10, 11, 6, 9, 8, 9, 14, 16, 10, 12, 15, 14, 8, 10, 8, 18, 8, 8, 9, 11, 13, 8, 12, 7, 19, 20, 15, 16, 6, 13, 11, 10, 11, 12, 11, 11, 14, 10, 6, 11, 7, 9, 17, 14, 14, 9, 12, 9, 8, 12, 8, 13, 14, 12, 10, 9, 19, 12, 14, 6, 6, 9, 11, 9, 7, 13, 13, 16, 8, 12, 13, 12, 14, 16, 9, 15, 14, 17, 14, 17, 14, 13, 16, 8, 11, 7, 15, 13, 9, 6, 9, 19, 8, 14, 8, 8, 16, 9, 13, 13, 15, 10, 7, 8, 12, 11, 18, 9, 10, 8, 14, 17, 11, 5, 15, 5, 10, 13, 13, 13, 13, 3, 15, 6, 11, 14, 10, 7, 7, 7, 12, 11, 15, 10, 10, 14, 16, 12, 13, 12, 12, 16, 10, 11, 11, 9, 10, 12, 10, 12, 14, 19, 9, 12, 10, 15, 11, 6, 18, 10, 7, 10, 12, 14, 17, 13, 9, 8, 12, 9, 13, 15, 14, 12, 12, 17, 18, 15, 20, 10, 9, 14, 14, 9, 10, 11, 8, 13, 11, 14, 11, 8, 11, 10, 10, 15, 8, 4, 11, 12, 17, 14, 10, 7, 10, 18, 7, 8, 11, 11, 17, 19, 15, 12, 14, 10, 8, 4, 17, 12, 14, 11, 6, 7, 13, 9, 11, 13, 13, 8, 15, 6, 9, 12, 11, 13, 13, 16, 11, 12, 8, 12, 10, 13, 6, 9, 13, 13, 9, 9, 8, 14, 13, 9, 12, 12, 13, 10, 13, 11, 14, 17, 12, 11, 13, 11, 8, 17, 11, 18, 7, 12, 13, 12, 16, 8, 13, 8, 12, 12, 20, 11, 11, 9, 17, 8, 1, 4, 8, 15, 10, 12, 12, 9, 11, 15, 13, 9, 11, 6, 10, 15, 10, 12, 16, 13, 11, 11, 8, 7, 14, 14, 9, 16, 12, 15, 13, 10, 9, 10, 9, 15, 10, 10, 17, 9, 12, 15, 14, 10, 14, 12, 10, 8, 8, 9, 13, 9, 14, 11, 13, 11, 6, 10, 13, 9, 13, 13, 17, 13, 15, 7, 13, 15, 11, 15, 13, 6, 10, 9, 6, 11, 13, 9, 14, 17, 10, 5, 13, 11, 11, 12, 10, 7, 11, 14, 7, 6, 12, 6, 15, 11, 13, 14, 16, 15, 14, 10, 10, 20, 16, 11, 14, 16, 15, 7, 10, 8, 11, 13, 12, 14, 13, 12, 11, 11, 15, 7, 16, 6, 11, 10, 13, 7, 13, 8, 7, 6, 17, 10, 14, 13, 8, 15, 9, 14, 5, 14, 5, 11, 17, 14, 10, 14, 12, 10, 14, 14, 15, 15, 8, 10, 10, 12, 16, 9, 8, 18, 13, 13, 17, 9, 15, 10, 14, 13, 16, 5, 12, 5, 8, 10, 8, 11, 7, 12, 12, 11, 14, 15, 15, 17, 14, 10, 14, 11, 5, 15, 14, 10, 11, 20, 15, 11, 8, 12, 14, 9, 10, 12, 7, 9, 12, 9, 8, 12, 13, 6, 13, 9, 13, 13, 9, 3, 8, 16, 11, 17, 11, 13, 9, 5, 13, 8, 9, 18, 14, 19, 11, 12, 17, 6, 11, 22, 11, 9, 12, 9, 8, 10, 12, 11, 10, 12, 11, 10, 6, 14, 7, 8, 11, 12, 16, 12, 11, 10, 15, 13, 16, 9, 8, 8, 11, 10, 13, 7, 11, 11, 11, 12, 16, 20, 12, 11, 12, 11, 11, 11, 16, 17, 8, 6, 14, 12, 19, 6, 18, 17, 12, 9, 9, 8, 16, 6, 12, 9, 12, 11, 8, 14, 10, 12, 16, 11, 8, 14, 10, 10, 17, 13, 16, 8, 12, 15, 12, 11, 15, 8, 15, 14, 11, 6, 3, 11, 10, 9, 12, 7, 11, 8, 7, 9, 13, 9, 10, 8, 8, 10, 9, 13, 17, 9, 10, 16, 10, 8, 12, 13, 13, 8, 15, 9, 13, 11, 9, 14, 5, 10, 7, 9, 8, 11, 16, 11, 4, 10, 14, 18, 6, 13, 7, 9, 12, 15, 8, 12, 9, 13, 8, 10, 11, 10, 11, 10, 10, 11, 15, 10, 18, 10, 5, 9, 12, 15, 7, 14, 12, 16, 6, 13, 15, 17, 11, 10, 10, 13, 10, 12, 5, 12, 7, 16, 12, 12, 11, 12, 9, 11, 16, 12, 16, 12, 16, 6, 16, 13, 8, 10, 8, 14, 8, 18, 10, 8, 8, 10, 9, 8, 8, 8, 13, 11, 6, 13, 11, 14, 11, 11, 15, 10, 15, 5, 9, 14, 9, 10, 10, 10, 11, 14, 11, 14, 14, 14, 12, 9, 11, 16, 12, 12, 11, 10, 8, 10, 10, 10, 9, 14, 9, 13, 13, 16, 15, 9, 13, 12, 7, 7, 12, 12, 18, 13, 6, 11, 8, 14, 7, 11, 8, 7, 7, 16, 10, 11, 10, 12, 8, 9, 8, 8, 14, 11, 13, 11, 14, 14, 7, 8, 14, 17, 8, 8, 15, 13, 12, 13, 12, 6, 8, 16, 14, 12, 10, 12, 18, 10, 11, 13, 11, 9, 10, 2, 12, 11, 14, 10, 9, 5, 16, 11, 12, 10, 13, 6, 10, 12, 8, 10, 8, 16, 11, 12, 12, 11, 6, 11, 10, 7, 11, 8, 10, 19, 10, 10, 9, 10, 15, 13, 9, 8, 14, 6, 12, 11, 9, 12, 12, 13, 11, 8, 16, 14, 8, 12, 10, 9, 11, 10, 20, 17, 5, 9, 17, 8, 8, 6, 9, 13, 13, 8, 13, 13, 14, 9, 12, 13, 8, 8, 5, 12, 8, 16]
The trace is [1000, 815, 232, 232, 232, 232, 232, 655, 133, 336, 336, 655, 655, 437, 437, 437, 471, 277, 277, 277, 923, 923, 923, 923, 923, 923, 775, 775, 775, 775, 775, 775, 775, 775, 323, 323, 323, 323, 67, 67, 307, 808, 808, 808, 808, 808, 876, 385, 385, 385, 385, 385, 385, 814, 814, 814, 814, 613, 613, 294, 294, 814, 814, 814, 826, 440, 490, 135, 537, 537, 537, 537, 499, 499, 8, 980, 980, 980, 521, 521, 521, 521, 521, 596, 605, 605, 103, 189, 694, 113, 103, 289, 289, 289, 33, 33, 33, 33, 33, 192, 192, 192, 192, 192, 192, 192, 464, 464, 464, 464, 464, 490, 440, 297, 23, 23, 23, 23, 23, 23, 23, 23, 23, 23, 23, 23, 23, 23, 23, 23, 23, 23, 23, 23, 23, 23, 323, 23, 23, 323, 323, 23, 23, 323, 323, 323, 587, 952, 952, 774, 774, 729, 729, 334, 334, 485, 655, 655, 655, 655, 13, 13, 13, 787, 787, 787, 787, 787, 340, 340, 340, 340, 340, 340, 340, 340, 340, 340, 340, 155, 155, 155, 155, 155, 155, 155, 155, 155, 155, 155, 9, 9, 9, 9, 9, 334, 927, 571, 571, 571, 825, 825, 825, 825, 461, 461, 461, 461, 461, 461, 461, 461, 461, 461, 461, 461, 461, 461, 461, 267, 267, 267, 267, 880, 880, 122, 122, 982, 297, 749, 749, 749, 749, 749, 749, 749, 749, 749, 62, 62, 711, 711, 711, 198, 355, 355, 355, 355, 355, 504, 504, 504, 504, 294, 294, 294, 294, 197, 197, 197, 237, 237, 337, 337, 337, 337, 337, 337, 337, 337, 337, 337, 337, 835, 835, 835, 835, 835, 835, 850, 850, 827, 827, 827, 827, 112, 280, 423, 405, 405, 905, 531, 531, 515, 188, 188, 681, 681, 681, 819, 84, 628, 628, 590, 88, 88, 502, 502, 502, 502, 502, 502, 502, 851, 851, 851, 851, 851, 851, 851, 886, 886, 886, 886, 886, 402, 402, 886, 886, 886, 886, 886, 72, 188, 188, 430, 430, 930, 930, 197, 197, 197, 197, 197, 197, 628, 628, 175, 175, 175, 175, 175, 175, 175, 73, 73, 73, 88, 88, 530, 807, 807, 807, 630, 370, 370, 370, 370, 370, 370, 886, 886, 886, 886, 886, 176, 176, 176, 176, 569, 564, 564, 564, 564, 564, 773, 773, 773, 925, 925, 925, 925, 925, 423, 423, 423, 367, 367, 367, 367, 817, 817, 817, 579, 579, 668, 188, 188, 71, 10, 668, 668, 668, 668, 668, 819, 819, 977, 977, 977, 977, 977, 977, 977, 977, 977, 977, 669, 669, 669, 669, 34, 34, 34, 34, 34, 667, 667, 162, 162, 162, 691, 691, 691, 691, 691, 691, 167, 810, 810, 891, 830, 830, 830, 611, 92, 92, 322, 322, 322, 345, 345, 345, 345, 345, 92, 92, 829, 829, 829, 829, 757, 757, 757, 757, 757, 757, 422, 422, 498, 498, 498, 498, 498, 498, 498, 498, 480, 480, 480, 480, 422, 422, 266, 266, 266, 266, 80, 634, 634, 413, 413, 413, 413, 413, 182, 182, 38, 38, 38, 38, 38, 38, 38, 904, 182, 182, 182, 634, 634, 634, 634, 492, 492, 492, 754, 754, 838, 89, 838, 214, 460, 460, 170, 844, 844, 844, 626, 626, 626, 892, 867, 867, 867, 867, 398, 51, 51, 29, 867, 867, 867, 867, 867, 867, 867, 867, 867, 664, 664, 731, 731, 731, 731, 731, 731, 731, 731, 731, 731, 731, 731, 731, 731, 731, 731, 177, 731, 731, 731, 731, 731, 604, 604, 581, 581, 581, 581, 581, 331, 331, 331, 331, 331, 331, 331, 331, 331, 253, 253, 444, 444, 444, 278, 278, 278, 456, 456, 456, 456, 951, 529, 529, 529, 152, 152, 152, 818, 818, 818, 532, 818, 818, 2, 2, 2, 2, 2, 2, 149, 149, 224, 224, 224, 714, 714, 940, 940, 940, 940, 940, 940, 940, 348, 348, 348, 348, 158, 158, 158, 158, 158, 158, 158, 158, 158, 158, 158, 158, 356, 356, 101, 101, 101, 101, 101, 101, 243, 243, 356, 186, 186, 186, 186, 186, 425, 425, 425, 425, 425, 425, 425, 425, 354, 354, 805, 805, 805, 805, 805, 805, 673, 673, 673, 673, 673, 673, 673, 673, 673, 673, 226, 226, 226, 226, 226, 226, 226, 673, 152, 152, 152, 226, 226, 226, 226, 226, 226, 226, 226, 226, 226, 226, 226, 395, 486, 486, 348, 348, 348, 348, 348, 348, 348, 348, 348, 348, 438, 438, 382, 382, 382, 382, 382, 382, 382, 836, 836, 836, 836, 152, 152, 152, 152, 152, 152, 152, 152, 152, 456, 456, 456, 456, 456, 364, 364, 364, 364, 364, 364, 916, 490, 490, 62, 749, 385, 385, 385, 385, 385, 135, 294, 294, 355, 294, 964, 964, 964, 964, 964, 964, 964, 964, 964, 964, 964, 964, 964, 964, 964, 709, 709, 709, 709, 709, 264, 264, 264, 264, 264, 264, 264, 264, 493, 493, 493, 613, 613, 613, 613, 613, 613, 613, 853, 853, 853, 853, 711, 711, 711, 711, 711, 711, 711, 711, 64, 64, 64, 362, 556, 556, 556, 556, 556, 556, 440, 440, 440, 385, 385, 385, 385, 385, 307, 307, 307, 876, 982, 785, 749, 749, 749, 749, 749, 976, 421, 37, 37, 37, 37, 37, 37, 218, 218, 218, 218, 218, 395, 395, 928, 928, 928, 928, 928, 928, 928, 928, 928, 928, 695, 106, 106, 106, 106, 106, 520, 520, 520, 520, 520, 520, 520, 23, 23, 23, 297, 297, 297, 297, 297, 297, 297, 297, 297, 857, 857, 243, 243, 243, 243, 243, 243, 243, 243, 595, 595, 258, 721, 721, 721, 928, 928, 928, 928, 158, 395, 395, 395, 395, 395, 395, 395, 395, 395, 309, 309, 309, 309, 309, 309, 535, 535, 535, 535, 535, 258, 940, 940, 940, 940, 940, 940, 940, 940, 940, 940, 940, 940, 529, 529, 529, 529, 529, 529, 529, 529, 529, 529, 106, 106, 106, 801, 801, 801, 676, 676, 676, 676, 137, 137, 137, 137, 137, 137, 137, 137, 416, 416, 416, 186, 160, 160, 160, 61, 61, 61, 61, 61, 61, 243, 243, 23, 23, 377, 377, 377, 377, 356, 356, 61, 863, 880, 880, 880, 880, 880, 880, 323, 323, 323, 323, 323, 267, 267, 67, 856, 856, 856, 856, 856, 49, 49, 49, 49, 27, 27, 27, 27, 27, 27, 27, 27, 952, 952, 952, 901, 901, 901, 27, 27, 27, 27, 334, 277, 571, 571, 825, 825, 825, 27, 155, 155, 774, 774, 774, 774, 553, 49, 894, 894, 894, 894, 894, 894, 894, 894, 894, 894, 406, 406, 406, 406, 406, 406, 406, 617, 252, 252, 252, 252, 13, 13, 406, 406, 406, 406, 406, 787, 787, 787, 787, 787, 787, 787, 787, 787, 787, 155, 155, 679, 679, 679, 679, 679, 679, 679, 679, 894, 894, 894, 894, 729, 787, 787, 787, 437, 412, 412, 165, 277, 277, 777, 777, 133, 133, 133, 133, 525, 525, 525, 13, 232, 232, 232, 232, 326, 326, 326, 326, 326, 326, 326, 326, 326, 437, 437, 437, 437, 437, 437, 617, 751, 751, 751, 751, 751, 751, 751, 751, 57, 57, 57, 57, 57, 57, 57, 57, 57, 723, 723, 723, 723, 1, 1, 1, 232, 232, 232, 232, 503, 503, 503, 232, 232, 232, 57, 368, 368, 368, 368, 368, 368, 368, 368, 368, 503, 129, 129, 129, 129, 129, 129, 129, 374, 374, 129, 837, 837, 837, 837, 837, 837, 837, 837, 767, 538, 349, 349, 134, 134, 134, 134, 134, 134, 503, 503, 503, 503, 368, 368, 503, 503, 1, 1, 1, 1, 1, 1, 1, 1, 232, 232, 232, 232, 232, 918, 918, 918, 918, 918, 918, 918, 918, 918, 918, 677, 677, 677, 677, 677, 677, 677, 677, 180, 180, 180, 180, 180, 678, 678, 678, 678, 678, 678, 678, 678, 678, 678, 678, 678, 678, 678, 678, 678, 678, 678, 678, 678, 678, 678, 165, 165, 678, 678, 678, 679, 679, 573, 573, 573, 573, 573, 573, 573, 573, 680, 680, 901, 901, 901, 901, 927, 461, 461, 620, 187, 187, 49, 49, 49, 49, 49, 49, 49, 49, 49, 437]

进程已结束,退出代码0
